1 1 2.107
1 2 3.013
1 3 3.933
1 4 4.820
1 5 5.839
1 6 6.860
1 7 7.796
1 8 8.723
1 9 9.680
1 10 10.496
1 11 11.329
1 12 12.347
1 13 13.316
1 14 14.111
1 15 14.842
1 16 15.867
1 17 16.731
1 18 17.722
1 19 18.736
1 20 19.290
1 21 20.351
1 22 21.336
1 23 22.397
1 24 23.310
1 25 24.043
1 26 25.097
1 27 25.893
1 28 26.893
1 29 27.624
1 30 28.845
1 31 29.531
1 32 30.555
1 33 31.378
1 34 32.402
1 35 33.303
1 36 34.254
1 37 35.211
1 38 36.219
1 39 37.132
1 40 38.071
1 41 38.800
1 42 40.142
1 43 40.763
1 44 41.739
1 45 42.746
1 46 43.594
1 47 44.544
1 48 45.547
1 49 46.405
1 50 47.504
1 51 48.827
1 52 49.448
1 53 50.570
1 54 51.174
1 55 52.462
1 56 53.356
1 57 53.807
1 58 55.320
1 59 56.062
1 60 57.213
1 61 57.743
1 62 58.756
1 63 60.052
1 64 60.580
1 65 61.380
1 66 62.242
1 67 63.195
1 68 63.863
1 69 65.265
1 70 66.086
1 71 67.154
1 72 67.811
1 73 68.976
1 74 69.383
1 75 70.400
1 76 71.535
1 77 72.523
1 78 73.160
1 79 74.144
1 80 74.920
1 81 76.056
1 82 77.062
1 83 77.910
1 84 78.669
1 85 79.964
1 86 80.468
1 87 82.010
1 88 82.630
1 89 83.181
1 90 84.327
1 91 85.517
1 92 86.862
1 93 87.444
1 94 88.317
1 95 89.484
1 96 90.072
1 97 90.897
1 98 91.996
1 99 93.120
1 100 93.780
2 1 2.626
2 2 3.923
2 3 5.220
2 4 6.449
2 5 7.812
2 6 9.170
2 7 10.276
2 8 11.627
2 9 12.953
2 10 14.278
2 11 15.577
2 12 16.835
2 13 18.241
2 14 19.372
2 15 20.439
2 16 21.857
2 17 23.180
2 18 24.452
2 19 25.656
2 20 27.036
2 21 28.135
2 22 29.536
2 23 30.831
2 24 32.453
2 25 33.525
2 26 34.736
2 27 36.036
2 28 37.236
2 29 38.355
2 30 39.551
2 31 40.599
2 32 42.415
2 33 43.525
2 34 45.084
2 35 45.898
2 36 47.223
2 37 48.750
2 38 49.859
2 39 51.128
2 40 52.111
2 41 53.559
2 42 55.140
2 43 56.185
2 44 57.298
2 45 58.790
2 46 59.787
2 47 61.360
2 48 62.596
2 49 63.634
2 50 64.991
2 51 66.507
2 52 67.856
2 53 68.664
2 54 70.025
2 55 71.534
2 56 72.837
2 57 73.624
2 58 75.111
2 59 76.177
2 60 77.705
2 61 78.665
2 62 79.635
2 63 81.040
2 64 82.310
2 65 83.495
2 66 85.108
2 67 86.512
2 68 88.347
2 69 89.502
2 70 90.927
2 71 92.118
2 72 93.502
2 73 94.429
2 74 96.515
2 75 97.589
2 76 98.792
2 77 100.213
2 78 100.805
2 79 102.567
2 80 104.196
2 81 105.641
2 82 107.152
2 83 107.841
2 84 109.634
2 85 110.779
2 86 112.101
2 87 113.467
2 88 114.805
2 89 116.016
2 90 117.129
2 91 118.457
2 92 120.584
2 93 121.694
2 94 122.751
2 95 124.033
2 96 125.646
2 97 126.861
2 98 127.665
2 99 128.930
2 100 130.921
3 1 3.342
3 2 4.886
3 3 6.481
3 4 8.023
3 5 9.819
3 6 11.318
3 7 12.660
3 8 14.264
3 9 16.038
3 10 17.650
3 11 19.241
3 12 20.659
3 13 22.184
3 14 23.830
3 15 25.168
3 16 26.931
3 17 28.349
3 18 30.017
3 19 31.744
3 20 32.862
3 21 34.632
3 22 36.489
3 23 37.967
3 24 39.552
3 25 41.137
3 26 42.629
3 27 44.479
3 28 46.084
3 29 47.398
3 30 48.590
3 31 49.750
3 32 51.694
3 33 53.615
3 34 55.229
3 35 56.725
3 36 58.798
3 37 60.618
3 38 61.882
3 39 63.642
3 40 65.150
3 41 67.029
3 42 68.809
3 43 70.323
3 44 72.146
3 45 73.813
3 46 75.032
3 47 76.818
3 48 78.214
3 49 79.680
3 50 81.633
3 51 83.380
3 52 84.829
3 53 86.652
3 54 87.996
3 55 89.060
3 56 90.937
3 57 92.622
3 58 94.029
3 59 95.981
3 60 97.225
3 61 98.821
3 62 100.155
3 63 101.006
3 64 103.229
3 65 105.124
3 66 106.140
3 67 108.024
3 68 109.848
3 69 111.767
3 70 113.128
3 71 115.136
3 72 116.415
3 73 117.802
3 74 120.057
3 75 121.450
3 76 123.247
3 77 125.071
3 78 126.958
3 79 128.531
3 80 130.556
3 81 131.657
3 82 132.952
3 83 134.966
3 84 137.338
3 85 138.874
3 86 140.046
3 87 142.240
3 88 143.490
3 89 145.477
3 90 147.530
3 91 148.561
3 92 150.155
3 93 151.506
3 94 153.980
3 95 155.042
3 96 157.185
3 97 158.614
3 98 160.127
3 99 161.193
3 100 163.678
4 1 3.638
4 2 5.428
4 3 7.214
4 4 9.235
4 5 11.021
4 6 13.020
4 7 14.732
4 8 16.752
4 9 18.577
4 10 20.614
4 11 22.325
4 12 24.195
4 13 26.072
4 14 27.881
4 15 29.521
4 16 31.554
4 17 33.271
4 18 35.225
4 19 37.084
4 20 38.951
4 21 41.048
4 22 42.818
4 23 44.715
4 24 46.589
4 25 48.246
4 26 50.098
4 27 52.104
4 28 53.985
4 29 55.473
4 30 57.316
4 31 58.840
4 32 60.971
4 33 62.935
4 34 65.077
4 35 66.582
4 36 68.486
4 37 70.823
4 38 72.607
4 39 74.527
4 40 76.762
4 41 78.364
4 42 80.137
4 43 82.527
4 44 83.940
4 45 85.900
4 46 87.723
4 47 90.036
4 48 91.583
4 49 93.962
4 50 95.185
4 51 96.825
4 52 99.122
4 53 100.984
4 54 103.192
4 55 105.077
4 56 106.692
4 57 108.399
4 58 110.219
4 59 111.210
4 60 113.062
4 61 115.132
4 62 116.616
4 63 117.788
4 64 120.142
4 65 121.545
4 66 123.639
4 67 125.797
4 68 127.721
4 69 130.044
4 70 131.554
4 71 134.383
4 72 135.305
4 73 137.828
4 74 139.732
4 75 141.500
4 76 144.121
4 77 145.662
4 78 147.915
4 79 149.798
4 80 151.099
4 81 152.779
4 82 154.871
4 83 157.399
4 84 159.447
4 85 160.835
4 86 162.229
4 87 164.649
4 88 165.824
4 89 168.579
4 90 170.174
4 91 171.638
4 92 173.123
4 93 175.691
4 94 177.817
4 95 178.684
4 96 181.427
4 97 182.978
4 98 184.956
4 99 186.949
4 100 188.391
5 1 4.113
5 2 6.253
5 3 8.097
5 4 10.249
5 5 12.510
5 6 14.750
5 7 16.982
5 8 19.241
5 9 21.283
5 10 23.361
5 11 25.663
5 12 27.477
5 13 29.571
5 14 31.395
5 15 33.330
5 16 35.580
5 17 37.965
5 18 40.141
5 19 42.556
5 20 44.680
5 21 47.043
5 22 48.918
5 23 51.112
5 24 52.893
5 25 55.057
5 26 57.460
5 27 59.047
5 28 61.033
5 29 62.999
5 30 65.222
5 31 66.583
5 32 68.998
5 33 71.085
5 34 73.329
5 35 75.342
5 36 77.697
5 37 80.044
5 38 82.548
5 39 84.022
5 40 86.369
5 41 88.466
5 42 90.871
5 43 92.564
5 44 95.076
5 45 97.252
5 46 99.256
5 47 100.918
5 48 103.064
5 49 105.524
5 50 107.641
5 51 109.410
5 52 111.442
5 53 113.322
5 54 115.627
5 55 117.625
5 56 119.595
5 57 121.373
5 58 123.390
5 59 125.648
5 60 127.460
5 61 129.137
5 62 130.787
5 63 132.238
5 64 134.906
5 65 137.323
5 66 139.773
5 67 142.266
5 68 144.538
5 69 146.580
5 70 149.019
5 71 151.227
5 72 153.243
5 73 155.801
5 74 157.159
5 75 159.810
5 76 162.147
5 77 164.974
5 78 166.632
5 79 168.054
5 80 170.808
5 81 173.521
5 82 173.823
5 83 177.016
5 84 179.240
5 85 181.062
5 86 183.456
5 87 185.042
5 88 187.002
5 89 189.613
5 90 192.294
5 91 193.185
5 92 195.641
5 93 197.761
5 94 200.116
5 95 201.879
5 96 203.276
5 97 206.020
5 98 208.359
5 99 210.580
5 100 212.373
6 1 4.200
6 2 6.487
6 3 8.512
6 4 11.128
6 5 13.646
6 6 15.949
6 7 17.899
6 8 20.343
6 9 22.920
6 10 25.020
6 11 27.494
6 12 29.609
6 13 31.732
6 14 33.988
6 15 35.932
6 16 38.612
6 17 41.074
6 18 43.389
6 19 45.741
6 20 48.465
6 21 50.341
6 22 52.751
6 23 55.563
6 24 57.536
6 25 59.763
6 26 62.234
6 27 64.179
6 28 66.739
6 29 68.622
6 30 71.009
6 31 72.315
6 32 75.060
6 33 77.030
6 34 80.033
6 35 82.301
6 36 85.422
6 37 87.591
6 38 89.585
6 39 92.242
6 40 94.742
6 41 96.948
6 42 98.855
6 43 101.435
6 44 103.615
6 45 105.916
6 46 108.476
6 47 110.748
6 48 112.997
6 49 115.864
6 50 117.668
6 51 119.967
6 52 122.310
6 53 124.519
6 54 127.195
6 55 128.315
6 56 131.136
6 57 132.769
6 58 135.348
6 59 137.222
6 60 139.899
6 61 141.383
6 62 142.982
6 63 144.262
6 64 147.393
6 65 149.999
6 66 152.903
6 67 154.574
6 68 156.910
6 69 160.334
6 70 162.512
6 71 164.451
6 72 167.182
6 73 169.427
6 74 171.568
6 75 174.191
6 76 177.622
6 77 179.216
6 78 180.897
6 79 183.914
6 80 185.739
6 81 189.220
6 82 190.737
6 83 194.385
6 84 195.775
6 85 198.500
6 86 199.973
6 87 202.297
6 88 205.762
6 89 207.412
6 90 210.032
6 91 212.198
6 92 214.332
6 93 216.851
6 94 218.854
6 95 222.241
6 96 223.390
6 97 225.341
6 98 227.650
6 99 230.174
6 100 233.358
7 1 4.767
7 2 7.379
7 3 9.381
7 4 12.126
7 5 14.760
7 6 17.102
7 7 19.433
7 8 21.807
7 9 24.428
7 10 27.040
7 11 29.345
7 12 31.570
7 13 34.202
7 14 36.557
7 15 38.630
7 16 41.473
7 17 44.108
7 18 46.413
7 19 49.160
7 20 52.189
7 21 54.329
7 22 56.583
7 23 59.381
7 24 61.329
7 25 64.045
7 26 66.287
7 27 68.745
7 28 70.856
7 29 72.959
7 30 75.259
7 31 76.585
7 32 79.416
7 33 82.283
7 34 84.998
7 35 87.539
7 36 90.029
7 37 92.692
7 38 95.359
7 39 97.527
7 40 100.564
7 41 102.605
7 42 105.582
7 43 107.782
7 44 110.447
7 45 112.443
7 46 115.047
7 47 117.287
7 48 119.914
7 49 122.078
7 50 124.616
7 51 126.541
7 52 128.763
7 53 131.373
7 54 133.214
7 55 136.059
7 56 138.441
7 57 140.387
7 58 143.053
7 59 144.096
7 60 146.981
7 61 148.779
7 62 150.872
7 63 153.951
7 64 155.006
7 65 159.078
7 66 161.849
7 67 164.382
7 68 166.259
7 69 169.750
7 70 171.779
7 71 174.490
7 72 176.716
7 73 179.448
7 74 182.606
7 75 184.697
7 76 188.096
7 77 188.845
7 78 192.654
7 79 194.231
7 80 196.987
7 81 201.002
7 82 201.961
7 83 204.843
7 84 207.455
7 85 209.671
7 86 211.679
7 87 213.374
7 88 217.293
7 89 219.664
7 90 222.099
7 91 224.367
7 92 226.293
7 93 229.759
7 94 231.807
7 95 234.379
7 96 236.795
7 97 238.409
7 98 242.223
7 99 243.984
7 100 245.543
8 1 4.791
8 2 7.431
8 3 9.575
8 4 12.390
8 5 15.367
8 6 18.089
8 7 20.534
8 8 23.233
8 9 25.878
8 10 28.526
8 11 31.351
8 12 33.829
8 13 36.350
8 14 38.643
8 15 40.725
8 16 43.307
8 17 46.390
8 18 48.997
8 19 51.720
8 20 54.129
8 21 56.475
8 22 59.149
8 23 61.606
8 24 64.094
8 25 66.575
8 26 68.815
8 27 71.475
8 28 73.641
8 29 76.009
8 30 78.165
8 31 80.039
8 32 83.101
8 33 86.109
8 34 88.798
8 35 91.767
8 36 94.072
8 37 97.503
8 38 99.842
8 39 102.659
8 40 105.167
8 41 107.813
8 42 110.651
8 43 113.306
8 44 115.386
8 45 118.075
8 46 121.940
8 47 125.223
8 48 126.824
8 49 129.227
8 50 132.263
8 51 134.073
8 52 137.078
8 53 139.541
8 54 142.411
8 55 144.507
8 56 147.945
8 57 149.575
8 58 152.989
8 59 155.118
8 60 156.883
8 61 159.130
8 62 161.325
8 63 163.861
8 64 165.748
8 65 170.017
8 66 172.683
8 67 174.469
8 68 177.795
8 69 181.656
8 70 184.757
8 71 186.306
8 72 189.557
8 73 192.442
8 74 195.941
8 75 197.647
8 76 200.268
8 77 203.632
8 78 206.516
8 79 209.407
8 80 211.433
8 81 214.996
8 82 216.996
8 83 220.766
8 84 222.063
8 85 224.998
8 86 227.799
8 87 229.621
8 88 232.733
8 89 235.112
8 90 238.104
8 91 240.538
8 92 242.418
8 93 246.269
8 94 248.858
8 95 250.892
8 96 254.269
8 97 256.678
8 98 259.289
8 99 261.616
8 100 263.493
9 1 5.112
9 2 7.650
9 3 10.107
9 4 13.274
9 5 16.140
9 6 19.150
9 7 21.805
9 8 24.633
9 9 27.926
9 10 30.463
9 11 33.550
9 12 36.207
9 13 38.499
9 14 41.128
9 15 43.457
9 16 46.330
9 17 49.339
9 18 52.174
9 19 55.212
9 20 57.696
9 21 60.459
9 22 62.936
9 23 65.668
9 24 68.583
9 25 71.348
9 26 74.128
9 27 76.515
9 28 78.865
9 29 81.377
9 30 84.193
9 31 85.686
9 32 88.763
9 33 92.283
9 34 94.701
9 35 97.736
9 36 100.652
9 37 103.820
9 38 106.520
9 39 109.207
9 40 112.430
9 41 115.643
9 42 118.278
9 43 120.732
9 44 123.453
9 45 126.288
9 46 129.145
9 47 131.878
9 48 134.474
9 49 137.138
9 50 140.587
9 51 143.279
9 52 145.464
9 53 148.845
9 54 150.998
9 55 153.550
9 56 155.053
9 57 158.357
9 58 160.229
9 59 162.924
9 60 165.097
9 61 167.606
9 62 169.739
9 63 172.108
9 64 175.341
9 65 178.631
9 66 181.154
9 67 184.443
9 68 187.754
9 69 191.048
9 70 192.907
9 71 196.183
9 72 198.825
9 73 201.551
9 74 204.916
9 75 207.908
9 76 211.745
9 77 213.828
9 78 216.837
9 79 219.958
9 80 222.982
9 81 225.208
9 82 228.216
9 83 231.733
9 84 233.761
9 85 236.242
9 86 239.012
9 87 241.789
9 88 246.030
9 89 248.684
9 90 251.491
9 91 253.409
9 92 256.615
9 93 259.591
9 94 261.460
9 95 265.111
9 96 267.310
9 97 270.672
9 98 272.141
9 99 276.060
9 100 278.006
10 1 5.227
10 2 8.002
10 3 10.376
10 4 13.798
10 5 16.979
10 6 19.600
10 7 22.423
10 8 25.614
10 9 28.690
10 10 31.431
10 11 34.591
10 12 37.515
10 13 40.271
10 14 43.020
10 15 45.351
10 16 48.435
10 17 52.080
10 18 54.830
10 19 58.141
10 20 61.166
10 21 64.372
10 22 67.421
10 23 70.285
10 24 72.949
10 25 75.718
10 26 78.842
10 27 81.263
10 28 84.288
10 29 86.388
10 30 89.053
10 31 90.713
10 32 94.431
10 33 97.663
10 34 100.272
10 35 103.637
10 36 106.874
10 37 109.712
10 38 112.849
10 39 116.218
10 40 118.925
10 41 122.135
10 42 124.907
10 43 127.925
10 44 131.086
10 45 134.057
10 46 136.461
10 47 139.639
10 48 142.196
10 49 145.966
10 50 148.601
10 51 151.681
10 52 154.178
10 53 156.882
10 54 158.750
10 55 162.056
10 56 164.776
10 57 167.399
10 58 170.158
10 59 171.773
10 60 174.605
10 61 176.643
10 62 178.844
10 63 181.340
10 64 185.440
10 65 187.766
10 66 192.047
10 67 193.865
10 68 197.114
10 69 200.565
10 70 203.499
10 71 206.850
10 72 209.885
10 73 212.342
10 74 215.278
10 75 219.809
10 76 222.381
10 77 225.466
10 78 227.928
10 79 231.222
10 80 233.908
10 81 237.357
10 82 240.829
10 83 243.939
10 84 246.638
10 85 249.954
10 86 252.461
10 87 255.667
10 88 258.225
10 89 262.186
10 90 263.633
10 91 267.668
10 92 270.022
10 93 272.599
10 94 275.978
10 95 278.095
10 96 282.888
10 97 284.606
10 98 287.062
10 99 289.465
10 100 293.221
11 1 5.501
11 2 8.071
11 3 10.569
11 4 13.998
11 5 17.442
11 6 20.526
11 7 23.129
11 8 26.199
11 9 29.612
11 10 32.575
11 11 35.748
11 12 38.691
11 13 41.361
11 14 43.765
11 15 46.049
11 16 49.456
11 17 52.834
11 18 55.881
11 19 58.987
11 20 62.199
11 21 65.238
11 22 67.762
11 23 70.805
11 24 73.519
11 25 76.751
11 26 79.614
11 27 82.803
11 28 85.419
11 29 88.100
11 30 90.698
11 31 92.736
11 32 96.463
11 33 99.964
11 34 103.298
11 35 107.079
11 36 110.279
11 37 113.208
11 38 116.450
11 39 119.852
11 40 122.464
11 41 126.130
11 42 129.158
11 43 132.418
11 44 135.646
11 45 138.707
11 46 142.337
11 47 144.336
11 48 147.825
11 49 151.114
11 50 154.156
11 51 156.898
11 52 159.698
11 53 163.061
11 54 165.173
11 55 168.456
11 56 170.371
11 57 174.768
11 58 177.131
11 59 179.116
11 60 181.146
11 61 184.085
11 62 186.711
11 63 188.371
11 64 192.081
11 65 195.743
11 66 199.199
11 67 201.963
11 68 205.744
11 69 209.038
11 70 212.080
11 71 215.918
11 72 218.454
11 73 223.097
11 74 225.139
11 75 229.687
11 76 231.486
11 77 234.868
11 78 238.265
11 79 241.951
11 80 243.834
11 81 246.733
11 82 250.567
11 83 254.053
11 84 257.164
11 85 259.966
11 86 263.041
11 87 266.750
11 88 269.535
11 89 273.069
11 90 275.296
11 91 278.451
11 92 282.377
11 93 285.749
11 94 289.322
11 95 291.095
11 96 293.275
11 97 298.009
11 98 300.339
11 99 304.247
11 100 306.276
12 1 5.485
12 2 8.600
12 3 11.107
12 4 14.783
12 5 18.203
12 6 21.136
12 7 24.080
12 8 27.700
12 9 30.754
12 10 34.356
12 11 37.636
12 12 40.717
12 13 43.675
12 14 46.661
12 15 48.984
12 16 52.621
12 17 56.372
12 18 59.856
12 19 63.190
12 20 66.291
12 21 70.012
12 22 73.282
12 23 76.059
12 24 79.512
12 25 82.575
12 26 86.093
12 27 88.748
12 28 91.242
12 29 94.115
12 30 97.061
12 31 98.789
12 32 102.392
12 33 106.458
12 34 109.622
12 35 113.499
12 36 116.315
12 37 120.975
12 38 123.419
12 39 127.039
12 40 129.978
12 41 134.167
12 42 136.682
12 43 139.868
12 44 143.788
12 45 146.659
12 46 149.585
12 47 152.583
12 48 156.361
12 49 159.587
12 50 162.890
12 51 166.254
12 52 168.363
12 53 171.413
12 54 174.993
12 55 177.678
12 56 179.742
12 57 183.083
12 58 186.303
12 59 188.712
12 60 191.619
12 61 193.445
12 62 195.787
12 63 198.606
12 64 201.046
12 65 205.830
12 66 209.248
12 67 212.467
12 68 216.577
12 69 220.215
12 70 224.188
12 71 226.190
12 72 229.524
12 73 233.713
12 74 237.021
12 75 239.674
12 76 242.852
12 77 245.896
12 78 249.812
12 79 253.337
12 80 256.913
12 81 260.439
12 82 264.150
12 83 266.657
12 84 269.663
12 85 272.760
12 86 276.942
12 87 279.903
12 88 282.369
12 89 286.344
12 90 288.666
12 91 292.783
12 92 296.800
12 93 298.810
12 94 302.129
12 95 305.978
12 96 308.046
12 97 311.005
12 98 315.082
12 99 318.880
12 100 320.799
13 1 5.770
13 2 8.975
13 3 11.770
13 4 15.728
13 5 19.331
13 6 22.459
13 7 25.265
13 8 29.044
13 9 32.709
13 10 35.886
13 11 39.023
13 12 42.343
13 13 45.395
13 14 48.353
13 15 50.669
13 16 54.496
13 17 57.985
13 18 61.552
13 19 65.378
13 20 68.804
13 21 71.901
13 22 75.717
13 23 78.893
13 24 82.233
13 25 85.127
13 26 89.131
13 27 91.544
13 28 94.333
13 29 97.459
13 30 99.708
13 31 102.216
13 32 106.396
13 33 110.115
13 34 113.434
13 35 116.954
13 36 120.854
13 37 124.270
13 38 128.035
13 39 131.122
13 40 134.451
13 41 137.879
13 42 142.196
13 43 145.250
13 44 148.595
13 45 151.751
13 46 154.442
13 47 158.789
13 48 161.125
13 49 164.421
13 50 167.580
13 51 171.853
13 52 174.425
13 53 177.147
13 54 180.091
13 55 183.664
13 56 187.040
13 57 189.260
13 58 192.759
13 59 193.549
13 60 197.624
13 61 200.366
13 62 202.790
13 63 204.553
13 64 209.121
13 65 212.232
13 66 216.050
13 67 219.323
13 68 223.403
13 69 228.637
13 70 230.445
13 71 235.192
13 72 237.649
13 73 241.098
13 74 244.649
13 75 248.897
13 76 253.044
13 77 255.319
13 78 260.126
13 79 262.298
13 80 265.544
13 81 268.783
13 82 272.048
13 83 274.554
13 84 279.302
13 85 282.747
13 86 286.442
13 87 289.700
13 88 293.171
13 89 295.325
13 90 299.689
13 91 303.106
13 92 305.660
13 93 309.769
13 94 311.556
13 95 316.735
13 96 319.831
13 97 322.817
13 98 324.100
13 99 329.832
13 100 331.483
14 1 5.866
14 2 9.288
14 3 11.923
14 4 16.163
14 5 19.655
14 6 23.196
14 7 26.045
14 8 29.687
14 9 33.420
14 10 36.727
14 11 40.458
14 12 43.450
14 13 46.936
14 14 49.893
14 15 52.241
14 16 55.965
14 17 59.699
14 18 63.879
14 19 67.190
14 20 70.596
14 21 73.579
14 22 77.314
14 23 80.428
14 24 83.933
14 25 87.565
14 26 90.755
14 27 93.514
14 28 96.720
14 29 99.886
14 30 102.389
14 31 104.356
14 32 108.297
14 33 112.219
14 34 115.840
14 35 119.677
14 36 123.318
14 37 127.566
14 38 130.510
14 39 134.487
14 40 138.909
14 41 141.484
14 42 145.125
14 43 148.238
14 44 152.491
14 45 156.110
14 46 159.250
14 47 162.415
14 48 166.448
14 49 169.512
14 50 172.292
14 51 176.111
14 52 179.578
14 53 182.822
14 54 184.873
14 55 189.656
14 56 191.874
14 57 194.635
14 58 197.045
14 59 200.711
14 60 202.927
14 61 206.009
14 62 208.714
14 63 210.927
14 64 214.762
14 65 218.835
14 66 221.632
14 67 225.865
14 68 229.748
14 69 233.333
14 70 236.804
14 71 241.113
14 72 245.275
14 73 249.308
14 74 252.748
14 75 256.145
14 76 259.397
14 77 263.057
14 78 266.587
14 79 270.992
14 80 274.209
14 81 278.118
14 82 282.065
14 83 285.723
14 84 288.906
14 85 292.162
14 86 295.659
14 87 298.718
14 88 303.247
14 89 305.587
14 90 309.984
14 91 312.201
14 92 315.727
14 93 319.522
14 94 323.789
14 95 326.806
14 96 330.144
14 97 332.088
14 98 337.554
14 99 339.275
14 100 342.691
15 1 6.231
15 2 9.550
15 3 12.315
15 4 16.472
15 5 20.453
15 6 23.712
15 7 26.905
15 8 30.517
15 9 34.175
15 10 37.641
15 11 41.106
15 12 44.271
15 13 47.785
15 14 50.471
15 15 53.426
15 16 57.144
15 17 61.420
15 18 64.715
15 19 68.729
15 20 72.111
15 21 75.373
15 22 79.096
15 23 82.663
15 24 86.484
15 25 89.526
15 26 92.686
15 27 95.941
15 28 99.118
15 29 101.926
15 30 105.096
15 31 106.990
15 32 110.749
15 33 115.026
15 34 119.245
15 35 122.807
15 36 126.279
15 37 129.873
15 38 134.213
15 39 137.235
15 40 141.083
15 41 144.074
15 42 147.904
15 43 151.750
15 44 155.940
15 45 158.704
15 46 162.737
15 47 165.744
15 48 170.029
15 49 172.402
15 50 176.465
15 51 179.764
15 52 183.133
15 53 186.428
15 54 189.032
15 55 192.880
15 56 196.215
15 57 199.840
15 58 202.424
15 59 205.300
15 60 207.750
15 61 210.834
15 62 213.745
15 63 215.508
15 64 218.531
15 65 224.893
15 66 227.463
15 67 231.094
15 68 235.130
15 69 239.243
15 70 242.930
15 71 248.077
15 72 250.176
15 73 255.007
15 74 259.018
15 75 262.150
15 76 266.370
15 77 270.727
15 78 274.021
15 79 276.749
15 80 280.589
15 81 283.121
15 82 286.758
15 83 292.156
15 84 297.496
15 85 298.842
15 86 302.456
15 87 307.468
15 88 311.239
15 89 312.594
15 90 316.665
15 91 319.935
15 92 324.778
15 93 327.931
15 94 331.440
15 95 336.172
15 96 336.559
15 97 341.814
15 98 346.016
15 99 349.129
15 100 352.468
16 1 6.585
16 2 10.098
16 3 13.445
16 4 17.960
16 5 22.075
16 6 25.250
16 7 28.349
16 8 32.118
16 9 36.084
16 10 39.902
16 11 43.174
16 12 46.634
16 13 50.041
16 14 53.007
16 15 55.263
16 16 59.334
16 17 63.070
16 18 66.781
16 19 70.023
16 20 73.519
16 21 76.775
16 22 80.106
16 23 83.864
16 24 87.241
16 25 90.497
16 26 93.648
16 27 96.922
16 28 100.008
16 29 102.472
16 30 105.326
16 31 107.882
16 32 111.782
16 33 116.059
16 34 120.280
16 35 124.021
16 36 128.019
16 37 131.084
16 38 134.686
16 39 138.475
16 40 142.403
16 41 145.374
16 42 149.794
16 43 153.341
16 44 156.591
16 45 160.366
16 46 164.003
16 47 167.531
16 48 170.303
16 49 174.151
16 50 177.850
16 51 180.940
16 52 184.616
16 53 187.756
16 54 190.417
16 55 194.054
16 56 196.635
16 57 200.535
16 58 204.575
16 59 206.858
16 60 210.105
16 61 212.993
16 62 215.282
16 63 217.041
16 64 220.901
16 65 225.585
16 66 230.845
16 67 234.353
16 68 238.229
16 69 240.997
16 70 245.695
16 71 248.950
16 72 254.118
16 73 257.713
16 74 261.078
16 75 265.143
16 76 269.274
16 77 273.051
16 78 276.231
16 79 281.347
16 80 283.117
16 81 287.650
16 82 290.614
16 83 293.243
16 84 299.753
16 85 302.718
16 86 305.462
16 87 308.280
16 88 311.588
16 89 316.995
16 90 319.672
16 91 321.594
16 92 324.028
16 93 328.916
16 94 332.425
16 95 334.022
16 96 338.419
16 97 341.038
16 98 343.820
16 99 347.410
16 100 351.814
17 1 6.357
17 2 9.610
17 3 12.651
17 4 16.770
17 5 20.723
17 6 24.189
17 7 27.341
17 8 31.454
17 9 35.153
17 10 38.742
17 11 42.229
17 12 45.904
17 13 49.559
17 14 52.472
17 15 55.519
17 16 59.381
17 17 63.657
17 18 67.333
17 19 71.553
17 20 75.310
17 21 78.525
17 22 82.870
17 23 86.137
17 24 89.487
17 25 93.164
17 26 96.186
17 27 99.892
17 28 103.186
17 29 106.104
17 30 108.943
17 31 111.405
17 32 115.467
17 33 119.022
17 34 123.532
17 35 128.260
17 36 131.638
17 37 136.215
17 38 140.192
17 39 143.759
17 40 147.311
17 41 152.080
17 42 155.724
17 43 159.455
17 44 163.195
17 45 167.354
17 46 171.003
17 47 175.069
17 48 178.421
17 49 181.900
17 50 185.542
17 51 189.322
17 52 192.796
17 53 195.180
17 54 199.838
17 55 203.310
17 56 205.804
17 57 208.638
17 58 211.884
17 59 216.282
17 60 219.537
17 61 221.366
17 62 225.375
17 63 226.728
17 64 231.920
17 65 236.148
17 66 239.456
17 67 244.663
17 68 247.493
17 69 252.336
17 70 255.835
17 71 260.759
17 72 265.011
17 73 269.340
17 74 272.343
17 75 276.720
17 76 279.768
17 77 283.064
17 78 288.901
17 79 292.529
17 80 296.439
17 81 301.123
17 82 304.428
17 83 308.243
17 84 311.879
17 85 316.480
17 86 320.855
17 87 325.744
17 88 328.901
17 89 331.767
17 90 334.549
17 91 339.675
17 92 343.966
17 93 347.483
17 94 352.166
17 95 356.099
17 96 358.676
17 97 361.910
17 98 366.659
17 99 370.173
17 100 372.391
18 1 6.541
18 2 9.981
18 3 12.888
18 4 17.412
18 5 21.709
18 6 25.726
18 7 28.758
18 8 33.171
18 9 37.170
18 10 41.207
18 11 45.248
18 12 49.298
18 13 52.403
18 14 55.843
18 15 58.163
18 16 62.999
18 17 67.021
18 18 70.944
18 19 75.130
18 20 78.967
18 21 83.123
18 22 86.955
18 23 90.660
18 24 94.400
18 25 98.205
18 26 101.224
18 27 104.657
18 28 108.336
18 29 111.320
18 30 114.746
18 31 116.798
18 32 121.757
18 33 125.740
18 34 130.145
18 35 134.529
18 36 138.790
18 37 141.719
18 38 145.943
18 39 150.159
18 40 155.004
18 41 158.606
18 42 162.063
18 43 166.323
18 44 170.683
18 45 173.350
18 46 177.324
18 47 181.373
18 48 184.847
18 49 188.342
18 50 192.053
18 51 196.117
18 52 200.800
18 53 203.021
18 54 206.506
18 55 209.600
18 56 212.964
18 57 217.098
18 58 219.841
18 59 224.163
18 60 226.714
18 61 229.770
18 62 232.370
18 63 232.399
18 64 238.780
18 65 242.954
18 66 247.884
18 67 251.908
18 68 255.796
18 69 259.200
18 70 264.289
18 71 268.989
18 72 271.764
18 73 276.176
18 74 281.874
18 75 284.067
18 76 289.146
18 77 293.463
18 78 297.247
18 79 301.080
18 80 304.676
18 81 307.503
18 82 314.075
18 83 316.408
18 84 321.742
18 85 324.263
18 86 327.995
18 87 332.304
18 88 337.095
18 89 341.323
18 90 344.450
18 91 346.575
18 92 351.929
18 93 357.042
18 94 359.638
18 95 363.433
18 96 367.472
18 97 372.222
18 98 373.779
18 99 378.338
18 100 382.675
19 1 6.546
19 2 9.989
19 3 12.985
19 4 17.650
19 5 21.633
19 6 25.510
19 7 28.761
19 8 33.119
19 9 37.419
19 10 41.309
19 11 44.990
19 12 48.985
19 13 52.718
19 14 55.898
19 15 58.837
19 16 63.271
19 17 67.607
19 18 71.726
19 19 76.191
19 20 79.922
19 21 84.061
19 22 87.922
19 23 91.837
19 24 95.365
19 25 99.062
19 26 102.898
19 27 106.469
19 28 109.733
19 29 112.407
19 30 116.282
19 31 118.967
19 32 123.496
19 33 127.393
19 34 132.308
19 35 136.307
19 36 140.513
19 37 145.676
19 38 149.351
19 39 153.835
19 40 158.282
19 41 161.967
19 42 165.140
19 43 170.260
19 44 173.769
19 45 178.319
19 46 181.932
19 47 186.614
19 48 189.550
19 49 194.126
19 50 197.432
19 51 200.934
19 52 205.072
19 53 207.847
19 54 210.799
19 55 215.163
19 56 218.081
19 57 221.921
19 58 224.673
19 59 227.853
19 60 231.363
19 61 234.583
19 62 236.412
19 63 238.926
19 64 243.245
19 65 249.051
19 66 253.324
19 67 257.597
19 68 262.891
19 69 265.335
19 70 269.836
19 71 275.083
19 72 277.928
19 73 283.808
19 74 288.453
19 75 293.416
19 76 295.942
19 77 301.937
19 78 304.837
19 79 307.814
19 80 312.073
19 81 316.615
19 82 320.444
19 83 325.194
19 84 328.292
19 85 331.627
19 86 337.137
19 87 339.263
19 88 345.759
19 89 349.002
19 90 352.160
19 91 356.267
19 92 360.110
19 93 365.027
19 94 367.721
19 95 372.254
19 96 375.339
19 97 380.924
19 98 384.234
19 99 387.034
19 100 392.345
20 1 6.734
20 2 10.356
20 3 13.571
20 4 18.471
20 5 22.926
20 6 26.596
20 7 30.076
20 8 34.780
20 9 38.706
20 10 42.789
20 11 47.258
20 12 51.163
20 13 54.445
20 14 58.007
20 15 60.809
20 16 65.540
20 17 69.841
20 18 73.769
20 19 78.201
20 20 82.280
20 21 86.208
20 22 90.453
20 23 94.368
20 24 98.440
20 25 101.863
20 26 106.070
20 27 109.930
20 28 112.970
20 29 115.648
20 30 119.477
20 31 122.379
20 32 126.678
20 33 131.101
20 34 136.020
20 35 140.528
20 36 144.420
20 37 148.955
20 38 152.533
20 39 156.706
20 40 161.909
20 41 164.917
20 42 169.578
20 43 173.860
20 44 178.207
20 45 181.933
20 46 185.646
20 47 189.371
20 48 193.912
20 49 197.775
20 50 202.043
20 51 205.093
20 52 209.817
20 53 213.247
20 54 215.703
20 55 219.232
20 56 222.983
20 57 227.291
20 58 230.810
20 59 233.450
20 60 237.191
20 61 239.929
20 62 242.404
20 63 244.506
20 64 248.735
20 65 254.504
20 66 259.321
20 67 262.514
20 68 268.057
20 69 272.032
20 70 277.474
20 71 281.715
20 72 285.652
20 73 289.118
20 74 295.593
20 75 298.650
20 76 301.775
20 77 307.118
20 78 310.532
20 79 314.910
20 80 318.846
20 81 322.640
20 82 328.825
20 83 333.004
20 84 337.179
20 85 340.101
20 86 344.653
20 87 347.847
20 88 354.228
20 89 357.695
20 90 361.990
20 91 365.043
20 92 369.296
20 93 373.670
20 94 378.344
20 95 381.604
20 96 385.220
20 97 387.740
20 98 393.716
20 99 397.753
20 100 399.956
21 1 6.707
21 2 10.601
21 3 13.757
21 4 18.810
21 5 23.256
21 6 27.362
21 7 30.710
21 8 35.347
21 9 40.067
21 10 44.400
21 11 48.523
21 12 52.461
21 13 56.592
21 14 59.975
21 15 62.771
21 16 67.533
21 17 72.010
21 18 76.708
21 19 80.456
21 20 84.991
21 21 88.825
21 22 93.269
21 23 97.165
21 24 100.969
21 25 104.674
21 26 108.576
21 27 112.485
21 28 115.772
21 29 119.278
21 30 122.320
21 31 125.049
21 32 129.678
21 33 134.159
21 34 138.438
21 35 142.979
21 36 147.609
21 37 151.825
21 38 156.825
21 39 160.880
21 40 164.397
21 41 168.966
21 42 173.128
21 43 177.762
21 44 181.342
21 45 185.599
21 46 190.503
21 47 194.087
21 48 198.032
21 49 202.002
21 50 205.077
21 51 209.510
21 52 213.800
21 53 217.081
21 54 220.689
21 55 224.702
21 56 229.020
21 57 231.072
21 58 235.008
21 59 238.516
21 60 240.872
21 61 245.099
21 62 246.826
21 63 250.188
21 64 254.022
21 65 259.300
21 66 264.398
21 67 268.389
21 68 273.729
21 69 277.975
21 70 282.274
21 71 286.308
21 72 292.033
21 73 295.084
21 74 299.439
21 75 304.377
21 76 309.233
21 77 313.463
21 78 317.348
21 79 321.887
21 80 325.800
21 81 330.975
21 82 336.087
21 83 340.340
21 84 342.849
21 85 348.445
21 86 351.309
21 87 354.532
21 88 360.586
21 89 362.626
21 90 368.988
21 91 372.249
21 92 376.692
21 93 380.318
21 94 383.647
21 95 388.136
21 96 392.108
21 97 396.818
21 98 402.728
21 99 404.847
21 100 408.183
22 1 6.779
22 2 10.617
22 3 13.846
22 4 18.707
22 5 23.301
22 6 27.282
22 7 30.834
22 8 35.382
22 9 39.713
22 10 44.363
22 11 48.363
22 12 52.326
22 13 56.304
22 14 59.367
22 15 62.616
22 16 67.298
22 17 72.142
22 18 76.678
22 19 81.037
22 20 84.979
22 21 89.302
22 22 93.310
22 23 98.457
22 24 102.931
22 25 105.816
22 26 109.975
22 27 114.256
22 28 118.204
22 29 120.557
22 30 123.628
22 31 126.455
22 32 130.858
22 33 135.628
22 34 140.475
22 35 145.326
22 36 150.049
22 37 154.468
22 38 159.067
22 39 162.915
22 40 168.302
22 41 171.987
22 42 175.459
22 43 180.397
22 44 184.696
22 45 188.862
22 46 192.745
22 47 196.947
22 48 201.933
22 49 205.569
22 50 209.215
22 51 213.508
22 52 216.715
22 53 220.225
22 54 225.173
22 55 227.499
22 56 231.705
22 57 235.741
22 58 239.736
22 59 240.973
22 60 245.087
22 61 247.145
22 62 251.006
22 63 252.680
22 64 257.886
22 65 263.176
22 66 266.826
22 67 272.502
22 68 276.461
22 69 281.726
22 70 286.756
22 71 291.238
22 72 295.776
22 73 300.077
22 74 305.092
22 75 309.207
22 76 313.508
22 77 316.976
22 78 322.695
22 79 326.801
22 80 330.308
22 81 336.996
22 82 339.416
22 83 343.573
22 84 347.096
22 85 352.331
22 86 355.643
22 87 362.426
22 88 364.662
22 89 368.828
22 90 371.920
22 91 378.327
22 92 382.507
22 93 385.400
22 94 390.468
22 95 394.599
22 96 398.206
22 97 403.698
22 98 407.402
22 99 410.258
22 100 413.857
23 1 7.180
23 2 11.436
23 3 14.844
23 4 19.707
23 5 24.136
23 6 28.779
23 7 32.408
23 8 37.210
23 9 41.802
23 10 46.350
23 11 50.206
23 12 54.453
23 13 57.975
23 14 61.316
23 15 64.890
23 16 69.285
23 17 73.900
23 18 78.334
23 19 82.690
23 20 87.371
23 21 92.024
23 22 96.456
23 23 100.747
23 24 104.876
23 25 108.830
23 26 113.018
23 27 117.055
23 28 120.689
23 29 124.144
23 30 127.496
23 31 130.503
23 32 135.303
23 33 141.554
23 34 146.591
23 35 151.950
23 36 154.848
23 37 161.438
23 38 165.391
23 39 169.333
23 40 174.741
23 41 179.342
23 42 184.073
23 43 188.171
23 44 191.624
23 45 197.636
23 46 200.326
23 47 205.902
23 48 209.062
23 49 213.477
23 50 217.317
23 51 222.097
23 52 225.834
23 53 231.303
23 54 235.202
23 55 237.455
23 56 242.457
23 57 245.034
23 58 250.218
23 59 251.956
23 60 253.694
23 61 257.920
23 62 260.606
23 63 263.765
23 64 268.620
23 65 273.357
23 66 277.736
23 67 282.103
23 68 288.338
23 69 292.891
23 70 296.647
23 71 304.149
23 72 308.756
23 73 312.646
23 74 316.248
23 75 321.078
23 76 326.130
23 77 332.111
23 78 337.156
23 79 340.756
23 80 344.835
23 81 350.346
23 82 353.041
23 83 358.321
23 84 363.684
23 85 368.659
23 86 370.335
23 87 376.623
23 88 380.168
23 89 383.315
23 90 388.140
23 91 391.975
23 92 397.838
23 93 400.263
23 94 406.265
23 95 409.259
23 96 412.908
23 97 419.078
23 98 421.374
23 99 426.771
23 100 432.265
24 1 7.036
24 2 11.147
24 3 14.546
24 4 19.523
24 5 23.999
24 6 28.306
24 7 31.961
24 8 36.747
24 9 41.273
24 10 46.145
24 11 50.022
24 12 54.001
24 13 58.277
24 14 61.697
24 15 64.761
24 16 69.717
24 17 74.356
24 18 78.638
24 19 83.440
24 20 87.467
24 21 92.075
24 22 96.831
24 23 100.776
24 24 105.154
24 25 109.059
24 26 112.614
24 27 116.593
24 28 119.979
24 29 123.844
24 30 127.188
24 31 130.165
24 32 134.153
24 33 139.196
24 34 144.064
24 35 149.083
24 36 153.873
24 37 157.306
24 38 163.561
24 39 167.701
24 40 172.128
24 41 176.646
24 42 180.573
24 43 185.099
24 44 189.720
24 45 194.024
24 46 198.420
24 47 202.488
24 48 206.544
24 49 210.658
24 50 214.357
24 51 218.849
24 52 223.132
24 53 226.490
24 54 230.538
24 55 234.816
24 56 238.238
24 57 241.460
24 58 245.730
24 59 248.474
24 60 252.517
24 61 255.242
24 62 256.567
24 63 260.098
24 64 264.376
24 65 269.726
24 66 274.669
24 67 278.486
24 68 284.094
24 69 289.446
24 70 293.951
24 71 298.092
24 72 303.550
24 73 309.607
24 74 313.185
24 75 316.980
24 76 322.513
24 77 326.572
24 78 331.245
24 79 335.513
24 80 339.372
24 81 345.595
24 82 349.764
24 83 354.192
24 84 360.202
24 85 363.261
24 86 366.874
24 87 370.922
24 88 376.001
24 89 381.206
24 90 384.801
24 91 388.866
24 92 392.883
24 93 398.824
24 94 403.646
24 95 405.977
24 96 411.229
24 97 415.234
24 98 418.599
24 99 421.493
24 100 427.189
25 1 7.098
25 2 11.180
25 3 14.575
25 4 19.717
25 5 24.505
25 6 28.585
25 7 32.094
25 8 36.638
25 9 41.404
25 10 45.938
25 11 50.616
25 12 54.727
25 13 58.388
25 14 62.088
25 15 65.417
25 16 70.805
25 17 75.665
25 18 80.634
25 19 85.314
25 20 89.483
25 21 94.423
25 22 98.502
25 23 103.551
25 24 107.667
25 25 111.331
25 26 115.673
25 27 119.607
25 28 123.128
25 29 126.642
25 30 129.076
25 31 132.547
25 32 137.963
25 33 142.021
25 34 147.708
25 35 152.288
25 36 157.018
25 37 161.734
25 38 166.443
25 39 171.580
25 40 175.602
25 41 180.478
25 42 184.850
25 43 189.315
25 44 194.017
25 45 198.509
25 46 203.294
25 47 206.592
25 48 211.622
25 49 215.619
25 50 220.587
25 51 224.253
25 52 228.020
25 53 232.002
25 54 235.383
25 55 239.967
25 56 242.975
25 57 247.553
25 58 251.972
25 59 255.220
25 60 257.527
25 61 260.410
25 62 262.925
25 63 267.147
25 64 271.561
25 65 276.259
25 66 280.452
25 67 286.567
25 68 290.952
25 69 296.548
25 70 299.779
25 71 305.950
25 72 310.424
25 73 316.587
25 74 320.303
25 75 324.993
25 76 329.540
25 77 334.664
25 78 338.509
25 79 341.997
25 80 347.956
25 81 353.381
25 82 358.779
25 83 362.216
25 84 367.188
25 85 371.266
25 86 376.611
25 87 381.039
25 88 383.632
25 89 390.403
25 90 393.579
25 91 397.743
25 92 402.879
25 93 407.865
25 94 412.321
25 95 415.544
25 96 419.694
25 97 424.437
25 98 428.930
25 99 432.972
25 100 437.765
26 1 7.334
26 2 11.226
26 3 14.480
26 4 19.855
26 5 24.565
26 6 28.906
26 7 32.499
26 8 37.353
26 9 42.110
26 10 46.745
26 11 51.165
26 12 55.579
26 13 59.585
26 14 63.430
26 15 66.357
26 16 71.471
26 17 76.170
26 18 80.807
26 19 85.837
26 20 90.988
26 21 95.238
26 22 99.305
26 23 104.309
26 24 108.750
26 25 112.894
26 26 116.638
26 27 121.226
26 28 124.765
26 29 127.985
26 30 132.008
26 31 134.647
26 32 139.431
26 33 144.966
26 34 149.445
26 35 154.154
26 36 159.293
26 37 165.081
26 38 169.152
26 39 174.328
26 40 178.839
26 41 182.638
26 42 187.393
26 43 191.764
26 44 197.367
26 45 201.789
26 46 205.697
26 47 209.043
26 48 214.635
26 49 218.784
26 50 224.060
26 51 226.523
26 52 230.897
26 53 234.929
26 54 240.651
26 55 243.139
26 56 247.246
26 57 250.044
26 58 254.032
26 59 257.911
26 60 260.492
26 61 264.287
26 62 266.907
26 63 269.035
26 64 275.055
26 65 279.348
26 66 284.192
26 67 288.905
26 68 294.683
26 69 299.718
26 70 304.539
26 71 309.580
26 72 313.758
26 73 319.328
26 74 323.329
26 75 329.133
26 76 334.248
26 77 338.134
26 78 342.279
26 79 348.010
26 80 353.631
26 81 357.185
26 82 361.716
26 83 364.284
26 84 369.688
26 85 375.421
26 86 379.920
26 87 386.065
26 88 388.610
26 89 393.280
26 90 397.512
26 91 402.596
26 92 406.675
26 93 411.363
26 94 414.576
26 95 420.635
26 96 425.119
26 97 427.322
26 98 432.481
26 99 438.115
26 100 441.325
27 1 7.463
27 2 11.320
27 3 14.849
27 4 20.634
27 5 25.541
27 6 29.975
27 7 33.876
27 8 38.927
27 9 43.919
27 10 48.341
27 11 53.097
27 12 57.394
27 13 61.218
27 14 64.990
27 15 68.299
27 16 72.986
27 17 78.331
27 18 83.074
27 19 88.198
27 20 92.722
27 21 97.516
27 22 101.876
27 23 106.591
27 24 111.345
27 25 115.102
27 26 119.944
27 27 123.397
27 28 128.003
27 29 131.363
27 30 134.903
27 31 136.569
27 32 142.597
27 33 147.628
27 34 152.723
27 35 158.849
27 36 163.981
27 37 168.624
27 38 173.904
27 39 178.096
27 40 183.041
27 41 187.109
27 42 192.092
27 43 197.429
27 44 201.853
27 45 207.428
27 46 210.552
27 47 216.091
27 48 220.462
27 49 224.052
27 50 228.232
27 51 232.796
27 52 237.441
27 53 241.701
27 54 246.293
27 55 249.853
27 56 253.323
27 57 258.059
27 58 260.072
27 59 264.535
27 60 267.507
27 61 272.132
27 62 273.383
27 63 276.528
27 64 281.589
27 65 286.816
27 66 294.051
27 67 298.544
27 68 302.973
27 69 305.797
27 70 312.899
27 71 317.548
27 72 323.556
27 73 329.525
27 74 333.364
27 75 339.147
27 76 342.483
27 77 348.700
27 78 352.968
27 79 356.681
27 80 362.700
27 81 367.303
27 82 371.570
27 83 376.377
27 84 381.558
27 85 385.174
27 86 390.550
27 87 394.509
27 88 398.236
27 89 403.738
27 90 407.856
27 91 412.563
27 92 417.904
27 93 421.365
27 94 425.486
27 95 433.405
27 96 436.357
27 97 440.645
27 98 444.173
27 99 449.501
27 100 452.465
28 1 7.317
28 2 11.458
28 3 15.094
28 4 20.626
28 5 25.515
28 6 29.948
28 7 33.900
28 8 38.778
28 9 43.864
28 10 48.519
28 11 53.144
28 12 57.411
28 13 61.703
28 14 65.456
28 15 68.631
28 16 73.627
28 17 79.153
28 18 83.714
28 19 88.846
28 20 93.881
28 21 98.773
28 22 102.362
28 23 107.481
28 24 112.022
28 25 116.328
28 26 120.730
28 27 124.044
28 28 128.798
28 29 132.317
28 30 135.494
28 31 138.211
28 32 143.873
28 33 148.379
28 34 154.609
28 35 158.825
28 36 164.154
28 37 169.648
28 38 173.627
28 39 178.848
28 40 182.708
28 41 188.027
28 42 192.841
28 43 198.431
28 44 202.158
28 45 207.071
28 46 211.446
28 47 216.099
28 48 220.498
28 49 225.691
28 50 229.526
28 51 234.563
28 52 238.724
28 53 242.117
28 54 246.162
28 55 249.380
28 56 254.879
28 57 258.695
28 58 260.401
28 59 265.787
28 60 268.312
28 61 271.799
28 62 274.292
28 63 276.681
28 64 281.974
28 65 286.339
28 66 292.987
28 67 299.908
28 68 303.439
28 69 307.534
28 70 314.040
28 71 317.144
28 72 324.538
28 73 329.279
28 74 332.983
28 75 337.228
28 76 343.264
28 77 347.359
28 78 352.714
28 79 357.150
28 80 363.407
28 81 366.712
28 82 370.390
28 83 376.790
28 84 381.217
28 85 386.947
28 86 392.914
28 87 397.063
28 88 400.029
28 89 406.351
28 90 409.469
28 91 414.848
28 92 417.661
28 93 423.123
28 94 428.251
28 95 431.506
28 96 434.882
28 97 441.305
28 98 444.386
28 99 450.086
28 100 453.821
29 1 7.575
29 2 11.677
29 3 15.482
29 4 21.024
29 5 25.903
29 6 30.177
29 7 33.821
29 8 38.785
29 9 43.538
29 10 48.389
29 11 53.107
29 12 57.394
29 13 61.601
29 14 65.412
29 15 68.751
29 16 74.073
29 17 79.092
29 18 84.029
29 19 88.995
29 20 93.645
29 21 98.476
29 22 102.432
29 23 107.157
29 24 111.389
29 25 115.697
29 26 120.778
29 27 124.436
29 28 128.033
29 29 132.289
29 30 135.465
29 31 137.930
29 32 143.233
29 33 148.316
29 34 153.668
29 35 158.397
29 36 163.870
29 37 169.203
29 38 174.155
29 39 179.430
29 40 183.801
29 41 188.728
29 42 193.642
29 43 197.732
29 44 202.459
29 45 206.892
29 46 212.074
29 47 216.329
29 48 220.959
29 49 225.156
29 50 229.212
29 51 233.594
29 52 238.000
29 53 241.632
29 54 245.760
29 55 250.612
29 56 253.964
29 57 258.190
29 58 261.536
29 59 265.754
29 60 268.477
29 61 271.606
29 62 274.215
29 63 276.020
29 64 281.687
29 65 287.841
29 66 292.773
29 67 298.623
29 68 303.462
29 69 307.969
29 70 312.362
29 71 319.272
29 72 323.247
29 73 327.672
29 74 334.019
29 75 338.660
29 76 342.874
29 77 346.874
29 78 353.141
29 79 357.577
29 80 362.558
29 81 366.508
29 82 372.341
29 83 377.533
29 84 382.492
29 85 386.230
29 86 391.401
29 87 396.014
29 88 400.635
29 89 405.556
29 90 411.068
29 91 414.818
29 92 419.665
29 93 423.258
29 94 428.661
29 95 434.992
29 96 437.474
29 97 442.759
29 98 449.989
29 99 452.149
29 100 455.947
30 1 7.602
30 2 11.546
30 3 15.233
30 4 20.932
30 5 25.921
30 6 30.382
30 7 34.247
30 8 39.339
30 9 44.202
30 10 49.308
30 11 53.816
30 12 58.306
30 13 62.292
30 14 66.129
30 15 69.710
30 16 75.081
30 17 80.292
30 18 85.727
30 19 90.293
30 20 94.868
30 21 100.085
30 22 104.883
30 23 109.704
30 24 113.890
30 25 117.944
30 26 123.399
30 27 126.758
30 28 131.756
30 29 134.614
30 30 138.364
30 31 140.882
30 32 146.462
30 33 151.428
30 34 157.053
30 35 162.593
30 36 167.077
30 37 172.125
30 38 177.497
30 39 182.194
30 40 187.487
30 41 191.469
30 42 197.070
30 43 202.102
30 44 206.594
30 45 210.434
30 46 215.912
30 47 221.183
30 48 225.273
30 49 228.940
30 50 233.691
30 51 237.513
30 52 242.568
30 53 247.062
30 54 250.475
30 55 255.077
30 56 258.891
30 57 263.621
30 58 267.086
30 59 269.543
30 60 274.224
30 61 277.315
30 62 279.775
30 63 282.805
30 64 288.284
30 65 294.122
30 66 298.286
30 67 305.470
30 68 310.306
30 69 315.404
30 70 321.247
30 71 326.100
30 72 330.975
30 73 336.940
30 74 341.414
30 75 345.123
30 76 352.380
30 77 355.734
30 78 361.087
30 79 366.108
30 80 371.672
30 81 376.503
30 82 381.135
30 83 384.816
30 84 389.001
30 85 394.850
30 86 401.801
30 87 403.553
30 88 409.155
30 89 415.153
30 90 419.007
30 91 424.592
30 92 428.603
30 93 433.002
30 94 437.156
30 95 441.725
30 96 445.702
30 97 451.455
30 98 454.326
30 99 460.084
30 100 464.594
31 1 7.678
31 2 11.728
31 3 15.530
31 4 21.178
31 5 26.254
31 6 31.240
31 7 34.880
31 8 40.258
31 9 45.179
31 10 50.159
31 11 55.026
31 12 59.290
31 13 63.866
31 14 67.836
31 15 71.198
31 16 76.266
31 17 81.709
31 18 86.965
31 19 92.246
31 20 97.145
31 21 101.861
31 22 106.545
31 23 111.670
31 24 115.657
31 25 119.674
31 26 124.285
31 27 128.973
31 28 132.508
31 29 136.671
31 30 139.443
31 31 142.865
31 32 148.695
31 33 153.738
31 34 158.948
31 35 164.156
31 36 169.779
31 37 174.451
31 38 180.434
31 39 184.954
31 40 190.635
31 41 195.454
31 42 200.270
31 43 204.612
31 44 209.473
31 45 213.959
31 46 219.399
31 47 224.667
31 48 228.762
31 49 233.590
31 50 237.267
31 51 242.403
31 52 247.131
31 53 250.791
31 54 255.193
31 55 258.702
31 56 262.712
31 57 267.249
31 58 271.736
31 59 275.755
31 60 278.261
31 61 281.929
31 62 284.362
31 63 286.888
31 64 291.680
31 65 297.565
31 66 303.534
31 67 309.480
31 68 314.128
31 69 320.532
31 70 324.850
31 71 330.119
31 72 334.680
31 73 341.176
31 74 346.367
31 75 350.638
31 76 355.856
31 77 360.495
31 78 366.327
31 79 371.537
31 80 375.837
31 81 380.809
31 82 387.501
31 83 391.872
31 84 397.642
31 85 403.304
31 86 405.416
31 87 410.124
31 88 416.657
31 89 420.745
31 90 425.669
31 91 430.159
31 92 433.597
31 93 440.236
31 94 444.302
31 95 448.897
31 96 452.354
31 97 458.364
31 98 463.413
31 99 469.109
31 100 473.168
32 1 7.718
32 2 11.760
32 3 15.373
32 4 20.997
32 5 25.852
32 6 30.698
32 7 34.819
32 8 39.993
32 9 44.855
32 10 50.117
32 11 54.813
32 12 59.477
32 13 64.107
32 14 68.110
32 15 71.630
32 16 76.921
32 17 82.613
32 18 88.016
32 19 92.896
32 20 97.742
32 21 103.131
32 22 108.099
32 23 112.965
32 24 117.449
32 25 121.195
32 26 125.665
32 27 130.347
32 28 134.672
32 29 137.975
32 30 141.399
32 31 144.822
32 32 149.472
32 33 155.457
32 34 161.141
32 35 167.001
32 36 172.191
32 37 177.179
32 38 181.971
32 39 187.724
32 40 192.674
32 41 198.265
32 42 203.363
32 43 206.976
32 44 213.826
32 45 217.679
32 46 223.219
32 47 227.602
32 48 231.874
32 49 235.859
32 50 240.805
32 51 246.037
32 52 250.541
32 53 254.183
32 54 259.252
32 55 262.630
32 56 266.795
32 57 271.326
32 58 274.526
32 59 277.854
32 60 283.163
32 61 284.957
32 62 287.069
32 63 290.102
32 64 296.528
32 65 302.686
32 66 306.648
32 67 312.454
32 68 318.767
32 69 325.224
32 70 329.385
32 71 335.023
32 72 340.227
32 73 345.055
32 74 352.210
32 75 356.801
32 76 361.377
32 77 366.733
32 78 372.625
32 79 375.784
32 80 381.602
32 81 387.235
32 82 393.214
32 83 397.644
32 84 403.455
32 85 405.560
32 86 413.617
32 87 417.831
32 88 420.678
32 89 425.831
32 90 432.857
32 91 435.968
32 92 441.296
32 93 448.873
32 94 451.901
32 95 457.464
32 96 460.794
32 97 465.497
32 98 470.065
32 99 475.962
32 100 479.250
33 1 7.836
33 2 11.678
33 3 15.141
33 4 20.432
33 5 25.384
33 6 30.221
33 7 34.255
33 8 39.174
33 9 43.975
33 10 49.288
33 11 54.207
33 12 58.608
33 13 62.358
33 14 66.446
33 15 69.611
33 16 74.888
33 17 80.308
33 18 85.511
33 19 90.118
33 20 94.848
33 21 100.191
33 22 104.194
33 23 109.289
33 24 113.753
33 25 118.928
33 26 123.286
33 27 128.007
33 28 131.916
33 29 136.716
33 30 139.609
33 31 142.627
33 32 148.846
33 33 154.335
33 34 158.959
33 35 164.319
33 36 169.877
33 37 174.514
33 38 179.910
33 39 184.874
33 40 189.928
33 41 193.680
33 42 199.335
33 43 203.095
33 44 206.973
33 45 212.380
33 46 216.668
33 47 221.726
33 48 225.905
33 49 230.885
33 50 233.278
33 51 237.132
33 52 241.200
33 53 244.013
33 54 248.591
33 55 251.753
33 56 254.248
33 57 255.386
33 58 260.034
33 59 266.815
33 60 272.243
33 61 275.321
33 62 271.777
33 63 272.415
33 64 282.912
33 65 289.511
33 66 297.011
33 67 303.717
33 68 299.460
33 69 308.567
33 70 317.732
33 71 322.382
33 72 332.356
33 73 333.938
33 74 339.544
33 75 339.502
33 76 343.303
33 77 349.198
33 78 355.427
33 79 361.232
33 80 406.776
33 81 386.733
33 82 382.064
33 83 437.557
33 84 422.339
33 85 453.146
33 86 456.414
33 87 547.658
33 88 563.650
33 89 607.819
33 90 619.533
33 91 614.521
33 92 638.587
33 93 654.924
33 94 654.052
33 95 664.783
33 96 671.611
33 97 681.373
33 98 685.924
33 99 697.003
33 100 699.369
34 1 7.936
34 2 12.316
34 3 15.904
34 4 21.918
34 5 26.947
34 6 31.792
34 7 35.684
34 8 41.280
34 9 46.361
34 10 51.432
34 11 56.134
34 12 61.599
34 13 65.318
34 14 69.571
34 15 73.431
34 16 79.062
34 17 83.874
34 18 89.339
34 19 94.879
34 20 99.743
34 21 104.783
34 22 109.974
34 23 114.267
34 24 119.726
34 25 123.871
34 26 128.729
34 27 132.137
34 28 136.766
34 29 140.182
34 30 144.991
34 31 147.130
34 32 152.864
34 33 158.250
34 34 164.459
34 35 169.344
34 36 174.636
34 37 180.301
34 38 185.830
34 39 190.873
34 40 195.408
34 41 200.994
34 42 207.115
34 43 211.307
34 44 216.763
34 45 221.154
34 46 225.884
34 47 230.839
34 48 236.242
34 49 240.097
34 50 245.793
34 51 249.668
34 52 254.047
34 53 258.382
34 54 263.361
34 55 268.225
34 56 271.476
34 57 275.364
34 58 279.112
34 59 283.392
34 60 287.150
34 61 289.533
34 62 292.373
34 63 297.474
34 64 302.375
34 65 307.815
34 66 313.048
34 67 318.586
34 68 324.456
34 69 330.259
34 70 335.120
34 71 341.269
34 72 345.313
34 73 351.401
34 74 357.084
34 75 361.639
34 76 367.125
34 77 372.961
34 78 376.945
34 79 382.384
34 80 388.096
34 81 391.682
34 82 399.096
34 83 403.619
34 84 408.543
34 85 413.790
34 86 418.885
34 87 423.749
34 88 429.001
34 89 432.529
34 90 438.786
34 91 441.560
34 92 449.309
34 93 453.624
34 94 457.403
34 95 464.079
34 96 468.324
34 97 473.405
34 98 476.279
34 99 482.936
34 100 485.796
35 1 7.851
35 2 12.279
35 3 16.002
35 4 21.628
35 5 26.784
35 6 31.855
35 7 35.752
35 8 41.271
35 9 46.662
35 10 51.624
35 11 56.919
35 12 61.773
35 13 66.258
35 14 70.369
35 15 73.389
35 16 78.915
35 17 84.528
35 18 89.402
35 19 95.155
35 20 101.435
35 21 106.183
35 22 111.455
35 23 116.447
35 24 120.843
35 25 126.163
35 26 129.840
35 27 134.392
35 28 139.303
35 29 143.330
35 30 146.296
35 31 148.540
35 32 154.588
35 33 160.317
35 34 165.251
35 35 171.362
35 36 177.396
35 37 181.931
35 38 188.088
35 39 193.566
35 40 198.767
35 41 202.406
35 42 208.953
35 43 214.070
35 44 219.065
35 45 224.327
35 46 228.698
35 47 233.883
35 48 238.976
35 49 244.480
35 50 250.362
35 51 253.464
35 52 258.268
35 53 262.899
35 54 265.616
35 55 270.924
35 56 275.831
35 57 279.709
35 58 284.150
35 59 287.067
35 60 292.051
35 61 293.190
35 62 296.461
35 63 299.776
35 64 305.979
35 65 310.852
35 66 316.269
35 67 322.670
35 68 329.079
35 69 333.478
35 70 339.853
35 71 344.256
35 72 350.550
35 73 356.233
35 74 362.369
35 75 368.715
35 76 372.690
35 77 377.938
35 78 383.435
35 79 388.538
35 80 395.093
35 81 399.215
35 82 405.504
35 83 411.293
35 84 414.595
35 85 419.718
35 86 427.167
35 87 430.481
35 88 437.781
35 89 441.443
35 90 446.488
35 91 452.460
35 92 456.803
35 93 462.221
35 94 467.029
35 95 469.766
35 96 476.670
35 97 480.067
35 98 485.982
35 99 489.129
35 100 493.197
36 1 8.119
36 2 12.479
36 3 16.269
36 4 22.384
36 5 27.825
36 6 32.671
36 7 36.601
36 8 42.057
36 9 47.301
36 10 52.456
36 11 57.476
36 12 62.425
36 13 66.620
36 14 70.755
36 15 73.944
36 16 80.194
36 17 85.177
36 18 90.465
36 19 96.518
36 20 101.361
36 21 106.639
36 22 111.500
36 23 116.494
36 24 121.748
36 25 125.891
36 26 130.592
36 27 135.370
36 28 139.011
36 29 142.852
36 30 146.090
36 31 148.830
36 32 155.090
36 33 161.433
36 34 166.542
36 35 171.859
36 36 178.247
36 37 182.587
36 38 188.876
36 39 193.687
36 40 198.610
36 41 204.835
36 42 209.241
36 43 214.252
36 44 218.847
36 45 224.788
36 46 228.683
36 47 234.310
36 48 239.540
36 49 243.150
36 50 247.767
36 51 253.073
36 52 259.209
36 53 262.501
36 54 266.598
36 55 270.632
36 56 275.551
36 57 278.761
36 58 284.215
36 59 287.755
36 60 289.235
36 61 295.104
36 62 298.415
36 63 298.920
36 64 305.654
36 65 313.146
36 66 315.827
36 67 323.568
36 68 327.695
36 69 333.275
36 70 339.525
36 71 344.622
36 72 350.193
36 73 355.856
36 74 362.583
36 75 367.873
36 76 372.994
36 77 377.991
36 78 383.719
36 79 388.200
36 80 392.478
36 81 398.859
36 82 405.427
36 83 411.116
36 84 415.662
36 85 420.054
36 86 425.416
36 87 431.290
36 88 434.849
36 89 439.590
36 90 445.425
36 91 451.699
36 92 455.814
36 93 460.573
36 94 464.696
36 95 470.771
36 96 475.523
36 97 479.621
36 98 484.013
36 99 487.487
36 100 491.865
37 1 8.069
37 2 12.520
37 3 16.223
37 4 22.339
37 5 27.731
37 6 32.611
37 7 36.626
37 8 42.583
37 9 48.213
37 10 53.648
37 11 59.007
37 12 63.614
37 13 67.846
37 14 72.103
37 15 75.464
37 16 81.664
37 17 87.156
37 18 92.588
37 19 98.458
37 20 103.624
37 21 109.016
37 22 113.752
37 23 119.024
37 24 123.973
37 25 128.510
37 26 134.096
37 27 137.575
37 28 141.025
37 29 146.645
37 30 149.040
37 31 152.165
37 32 158.625
37 33 164.340
37 34 170.090
37 35 174.624
37 36 181.051
37 37 186.709
37 38 191.811
37 39 197.873
37 40 202.683
37 41 208.324
37 42 213.700
37 43 218.049
37 44 224.162
37 45 228.891
37 46 233.438
37 47 238.747
37 48 243.993
37 49 249.384
37 50 253.826
37 51 258.001
37 52 262.418
37 53 267.499
37 54 272.029
37 55 276.040
37 56 279.695
37 57 284.651
37 58 287.882
37 59 292.801
37 60 295.509
37 61 299.284
37 62 303.467
37 63 304.638
37 64 310.838
37 65 316.663
37 66 321.556
37 67 329.176
37 68 333.872
37 69 339.419
37 70 346.315
37 71 351.968
37 72 356.538
37 73 362.817
37 74 367.205
37 75 373.356
37 76 379.179
37 77 383.979
37 78 389.057
37 79 394.702
37 80 399.010
37 81 403.216
37 82 409.539
37 83 414.870
37 84 420.500
37 85 426.907
37 86 427.555
37 87 437.352
37 88 441.058
37 89 446.508
37 90 451.211
37 91 455.751
37 92 459.653
37 93 465.222
37 94 471.763
37 95 475.313
37 96 479.837
37 97 485.397
37 98 490.639
37 99 495.518
37 100 499.274
38 1 8.088
38 2 12.499
38 3 16.295
38 4 22.598
38 5 28.467
38 6 33.133
38 7 37.566
38 8 43.354
38 9 48.814
38 10 54.043
38 11 59.297
38 12 63.988
38 13 68.095
38 14 72.611
38 15 76.095
38 16 81.243
38 17 87.205
38 18 92.624
38 19 98.251
38 20 103.826
38 21 108.824
38 22 113.942
38 23 118.498
38 24 123.592
38 25 128.264
38 26 132.887
38 27 137.441
38 28 141.424
38 29 145.981
38 30 149.210
38 31 151.902
38 32 157.754
38 33 163.469
38 34 169.916
38 35 175.190
38 36 181.412
38 37 186.216
38 38 192.014
38 39 197.510
38 40 201.926
38 41 208.323
38 42 213.634
38 43 219.016
38 44 224.881
38 45 229.245
38 46 233.641
38 47 239.222
38 48 243.980
38 49 248.411
38 50 253.567
38 51 258.263
38 52 262.622
38 53 266.726
38 54 271.433
38 55 276.697
38 56 280.124
38 57 285.082
38 58 289.835
38 59 292.832
38 60 295.546
38 61 299.857
38 62 303.108
38 63 306.413
38 64 312.024
38 65 316.903
38 66 323.997
38 67 329.345
38 68 334.213
38 69 340.994
38 70 344.558
38 71 351.600
38 72 357.123
38 73 363.138
38 74 368.932
38 75 374.608
38 76 379.080
38 77 385.072
38 78 390.760
38 79 397.463
38 80 400.785
38 81 405.963
38 82 411.676
38 83 417.284
38 84 422.730
38 85 427.149
38 86 432.830
38 87 436.858
38 88 441.057
38 89 449.089
38 90 453.340
38 91 459.218
38 92 463.795
38 93 468.997
38 94 475.124
38 95 476.258
38 96 483.084
38 97 488.102
38 98 493.317
38 99 497.495
38 100 503.670
39 1 8.019
39 2 12.400
39 3 16.151
39 4 22.214
39 5 27.775
39 6 32.896
39 7 36.997
39 8 42.519
39 9 48.250
39 10 53.588
39 11 58.584
39 12 63.393
39 13 68.272
39 14 72.148
39 15 75.667
39 16 81.549
39 17 87.068
39 18 92.675
39 19 98.655
39 20 103.454
39 21 109.004
39 22 113.783
39 23 118.507
39 24 123.484
39 25 128.642
39 26 132.518
39 27 136.914
39 28 141.169
39 29 145.218
39 30 148.839
39 31 152.146
39 32 157.482
39 33 163.756
39 34 169.491
39 35 174.624
39 36 179.807
39 37 186.347
39 38 191.600
39 39 196.829
39 40 203.358
39 41 207.320
39 42 213.792
39 43 218.553
39 44 223.111
39 45 229.409
39 46 233.735
39 47 239.629
39 48 244.133
39 49 249.339
39 50 253.158
39 51 259.131
39 52 263.190
39 53 267.655
39 54 271.894
39 55 276.919
39 56 281.434
39 57 284.919
39 58 290.012
39 59 294.106
39 60 296.855
39 61 300.634
39 62 303.001
39 63 306.825
39 64 311.392
39 65 317.763
39 66 324.401
39 67 329.449
39 68 335.708
39 69 341.980
39 70 347.444
39 71 352.547
39 72 357.690
39 73 364.967
39 74 369.719
39 75 375.049
39 76 381.894
39 77 385.277
39 78 393.700
39 79 398.213
39 80 401.207
39 81 408.366
39 82 414.776
39 83 419.910
39 84 423.653
39 85 427.616
39 86 433.806
39 87 439.959
39 88 447.544
39 89 451.920
39 90 455.819
39 91 460.324
39 92 467.916
39 93 472.320
39 94 478.800
39 95 483.063
39 96 485.036
39 97 491.583
39 98 495.445
39 99 502.118
39 100 505.866
40 1 8.261
40 2 12.642
40 3 16.723
40 4 22.797
40 5 28.813
40 6 33.860
40 7 37.599
40 8 43.337
40 9 49.226
40 10 54.481
40 11 59.471
40 12 64.770
40 13 69.691
40 14 73.774
40 15 77.062
40 16 82.465
40 17 88.471
40 18 94.469
40 19 100.087
40 20 105.224
40 21 111.166
40 22 116.623
40 23 121.388
40 24 126.491
40 25 131.046
40 26 136.222
40 27 140.216
40 28 145.056
40 29 148.849
40 30 152.589
40 31 155.539
40 32 161.701
40 33 167.280
40 34 172.641
40 35 179.109
40 36 185.046
40 37 190.458
40 38 196.401
40 39 201.693
40 40 206.659
40 41 212.049
40 42 217.595
40 43 223.070
40 44 227.906
40 45 233.421
40 46 238.204
40 47 243.280
40 48 248.973
40 49 252.555
40 50 260.018
40 51 262.522
40 52 269.462
40 53 273.142
40 54 276.748
40 55 282.986
40 56 286.751
40 57 290.733
40 58 295.049
40 59 299.106
40 60 302.239
40 61 306.067
40 62 308.701
40 63 311.372
40 64 317.866
40 65 323.534
40 66 331.362
40 67 336.631
40 68 341.947
40 69 348.229
40 70 353.583
40 71 360.647
40 72 365.385
40 73 372.003
40 74 376.513
40 75 380.423
40 76 388.219
40 77 395.669
40 78 398.547
40 79 403.878
40 80 408.367
40 81 415.513
40 82 421.113
40 83 424.956
40 84 430.303
40 85 435.370
40 86 442.224
40 87 447.816
40 88 452.619
40 89 458.006
40 90 462.827
40 91 469.304
40 92 473.700
40 93 478.435
40 94 484.791
40 95 490.552
40 96 495.178
40 97 497.587
40 98 503.932
40 99 508.901
40 100 514.666
41 1 8.448
41 2 12.660
41 3 16.613
41 4 23.110
41 5 28.608
41 6 33.786
41 7 37.772
41 8 43.268
41 9 49.148
41 10 54.823
41 11 60.256
41 12 65.385
41 13 70.349
41 14 74.032
41 15 77.768
41 16 83.889
41 17 89.186
41 18 95.294
41 19 100.666
41 20 106.279
41 21 112.028
41 22 117.127
41 23 122.114
41 24 128.103
41 25 132.608
41 26 136.814
41 27 141.890
41 28 146.477
41 29 150.547
41 30 153.646
41 31 157.145
41 32 163.268
41 33 168.465
41 34 174.844
41 35 180.278
41 36 186.235
41 37 192.349
41 38 197.208
41 39 203.496
41 40 208.072
41 41 214.231
41 42 219.827
41 43 223.541
41 44 230.536
41 45 234.383
41 46 240.780
41 47 245.520
41 48 250.553
41 49 255.091
41 50 260.896
41 51 264.918
41 52 270.121
41 53 273.698
41 54 278.386
41 55 283.392
41 56 287.084
41 57 290.367
41 58 295.463
41 59 297.921
41 60 303.124
41 61 306.113
41 62 310.556
41 63 312.175
41 64 318.540
41 65 323.450
41 66 330.768
41 67 337.237
41 68 341.543
41 69 348.138
41 70 355.752
41 71 360.660
41 72 366.493
41 73 372.671
41 74 377.480
41 75 382.998
41 76 388.031
41 77 394.510
41 78 400.352
41 79 406.951
41 80 411.544
41 81 418.021
41 82 422.166
41 83 427.558
41 84 432.265
41 85 436.574
41 86 443.380
41 87 448.626
41 88 455.811
41 89 459.369
41 90 465.155
41 91 471.050
41 92 477.749
41 93 482.328
41 94 487.452
41 95 491.223
41 96 495.796
41 97 500.818
41 98 506.078
41 99 512.127
41 100 517.003
42 1 8.356
42 2 12.776
42 3 16.800
42 4 23.295
42 5 28.811
42 6 34.048
42 7 38.266
42 8 44.145
42 9 49.886
42 10 55.278
42 11 60.483
42 12 65.911
42 13 70.176
42 14 74.817
42 15 78.275
42 16 84.005
42 17 89.595
42 18 96.040
42 19 101.517
42 20 107.242
42 21 112.330
42 22 117.900
42 23 122.345
42 24 128.272
42 25 132.821
42 26 137.031
42 27 141.644
42 28 146.588
42 29 150.660
42 30 154.527
42 31 156.526
42 32 163.520
42 33 169.278
42 34 175.799
42 35 181.081
42 36 187.169
42 37 193.642
42 38 198.780
42 39 204.241
42 40 209.892
42 41 215.120
42 42 220.240
42 43 226.701
42 44 232.563
42 45 237.065
42 46 242.606
42 47 247.753
42 48 252.207
42 49 258.266
42 50 263.388
42 51 268.117
42 52 272.729
42 53 277.729
42 54 282.767
42 55 286.523
42 56 290.264
42 57 295.262
42 58 298.874
42 59 302.427
42 60 305.885
42 61 310.856
42 62 313.378
42 63 315.468
42 64 322.284
42 65 328.524
42 66 335.557
42 67 341.348
42 68 346.954
42 69 354.210
42 70 359.066
42 71 364.756
42 72 370.583
42 73 376.546
42 74 380.162
42 75 388.887
42 76 393.192
42 77 399.314
42 78 404.945
42 79 411.102
42 80 417.324
42 81 422.211
42 82 427.145
42 83 432.814
42 84 438.457
42 85 443.483
42 86 448.673
42 87 454.318
42 88 461.201
42 89 465.377
42 90 471.258
42 91 476.974
42 92 481.737
42 93 487.200
42 94 491.325
42 95 496.215
42 96 501.515
42 97 508.416
42 98 511.695
42 99 517.273
42 100 522.328
43 1 8.552
43 2 12.930
43 3 17.080
43 4 23.525
43 5 29.452
43 6 34.481
43 7 39.001
43 8 45.284
43 9 50.711
43 10 57.065
43 11 62.266
43 12 67.087
43 13 72.204
43 14 76.746
43 15 80.293
43 16 86.438
43 17 92.547
43 18 98.825
43 19 104.041
43 20 109.979
43 21 115.760
43 22 121.124
43 23 126.185
43 24 130.426
43 25 135.638
43 26 140.271
43 27 145.504
43 28 149.974
43 29 152.928
43 30 157.140
43 31 159.246
43 32 165.785
43 33 171.791
43 34 178.532
43 35 184.774
43 36 190.226
43 37 195.146
43 38 201.332
43 39 207.829
43 40 212.745
43 41 218.233
43 42 224.069
43 43 229.830
43 44 234.467
43 45 240.437
43 46 245.947
43 47 251.663
43 48 256.453
43 49 261.225
43 50 266.455
43 51 271.452
43 52 276.315
43 53 281.788
43 54 286.117
43 55 289.752
43 56 294.882
43 57 298.378
43 58 303.189
43 59 308.096
43 60 310.126
43 61 313.226
43 62 317.564
43 63 319.744
43 64 325.287
43 65 331.271
43 66 337.993
43 67 344.033
43 68 350.362
43 69 355.969
43 70 362.220
43 71 369.155
43 72 373.136
43 73 380.340
43 74 386.545
43 75 391.657
43 76 396.679
43 77 404.970
43 78 407.640
43 79 414.865
43 80 420.795
43 81 426.292
43 82 430.256
43 83 438.374
43 84 443.506
43 85 450.300
43 86 454.268
43 87 458.864
43 88 466.394
43 89 471.744
43 90 476.215
43 91 482.031
43 92 488.097
43 93 492.224
43 94 495.185
43 95 503.203
43 96 507.172
43 97 511.773
43 98 518.729
43 99 521.404
43 100 525.644
44 1 8.376
44 2 12.924
44 3 16.894
44 4 23.259
44 5 29.083
44 6 34.218
44 7 38.082
44 8 44.080
44 9 50.065
44 10 55.419
44 11 60.727
44 12 65.484
44 13 70.745
44 14 74.690
44 15 78.371
44 16 84.613
44 17 90.409
44 18 96.269
44 19 102.204
44 20 107.135
44 21 113.284
44 22 118.555
44 23 123.548
44 24 129.012
44 25 134.185
44 26 138.551
44 27 144.221
44 28 147.844
44 29 151.393
44 30 155.113
44 31 158.625
44 32 164.975
44 33 171.044
44 34 177.398
44 35 182.164
44 36 188.755
44 37 194.958
44 38 201.017
44 39 206.595
44 40 212.148
44 41 217.220
44 42 222.524
44 43 228.294
44 44 232.256
44 45 239.150
44 46 244.829
44 47 249.844
44 48 255.079
44 49 259.267
44 50 265.475
44 51 269.124
44 52 276.414
44 53 279.883
44 54 284.617
44 55 288.727
44 56 293.203
44 57 298.010
44 58 301.758
44 59 305.053
44 60 309.799
44 61 313.349
44 62 316.144
44 63 319.474
44 64 325.053
44 65 332.590
44 66 338.294
44 67 344.199
44 68 350.011
44 69 357.708
44 70 362.635
44 71 367.836
44 72 375.197
44 73 381.785
44 74 387.233
44 75 392.936
44 76 398.376
44 77 404.644
44 78 411.235
44 79 415.437
44 80 420.714
44 81 428.147
44 82 433.311
44 83 439.888
44 84 443.730
44 85 450.173
44 86 456.471
44 87 460.559
44 88 465.993
44 89 472.960
44 90 476.653
44 91 482.735
44 92 487.794
44 93 493.471
44 94 500.309
44 95 503.313
44 96 509.064
44 97 514.662
44 98 521.025
44 99 524.498
44 100 530.346
45 1 8.443
45 2 13.103
45 3 17.067
45 4 23.738
45 5 29.709
45 6 34.939
45 7 39.198
45 8 45.195
45 9 51.212
45 10 56.848
45 11 62.402
45 12 67.780
45 13 72.308
45 14 76.817
45 15 80.519
45 16 86.314
45 17 92.369
45 18 98.117
45 19 103.805
45 20 109.739
45 21 114.956
45 22 120.775
45 23 126.104
45 24 131.151
45 25 135.854
45 26 141.202
45 27 145.278
45 28 150.122
45 29 153.788
45 30 157.950
45 31 161.204
45 32 167.221
45 33 174.226
45 34 179.933
45 35 185.305
45 36 192.476
45 37 198.428
45 38 203.319
45 39 210.290
45 40 214.933
45 41 220.615
45 42 226.021
45 43 231.947
45 44 237.817
45 45 242.732
45 46 248.743
45 47 253.836
45 48 259.209
45 49 264.832
45 50 268.819
45 51 274.132
45 52 280.088
45 53 284.111
45 54 288.678
45 55 293.346
45 56 298.220
45 57 301.714
45 58 306.240
45 59 309.760
45 60 315.175
45 61 317.635
45 62 321.881
45 63 322.466
45 64 330.279
45 65 336.628
45 66 344.152
45 67 348.323
45 68 356.323
45 69 361.068
45 70 367.374
45 71 374.317
45 72 379.623
45 73 384.166
45 74 391.125
45 75 398.817
45 76 404.191
45 77 409.987
45 78 416.340
45 79 420.027
45 80 427.535
45 81 431.894
45 82 439.380
45 83 443.574
45 84 449.444
45 85 456.631
45 86 460.728
45 87 467.369
45 88 471.350
45 89 476.975
45 90 482.031
45 91 488.154
45 92 494.055
45 93 498.557
45 94 504.552
45 95 507.576
45 96 513.966
45 97 519.896
45 98 523.867
45 99 528.682
45 100 534.772
46 1 8.592
46 2 13.183
46 3 17.508
46 4 24.021
46 5 29.991
46 6 35.278
46 7 39.461
46 8 45.590
46 9 51.388
46 10 57.272
46 11 62.327
46 12 67.585
46 13 72.303
46 14 76.798
46 15 80.582
46 16 86.924
46 17 92.816
46 18 98.813
46 19 104.684
46 20 110.466
46 21 116.112
46 22 121.646
46 23 126.644
46 24 131.684
46 25 137.502
46 26 142.253
46 27 146.539
46 28 151.478
46 29 155.545
46 30 158.728
46 31 162.184
46 32 168.571
46 33 175.228
46 34 180.795
46 35 187.223
46 36 194.012
46 37 199.523
46 38 205.363
46 39 210.623
46 40 215.854
46 41 222.907
46 42 228.177
46 43 233.396
46 44 239.275
46 45 244.108
46 46 250.771
46 47 255.096
46 48 259.708
46 49 265.540
46 50 269.346
46 51 275.127
46 52 280.117
46 53 285.023
46 54 288.905
46 55 295.138
46 56 297.980
46 57 303.621
46 58 307.021
46 59 310.401
46 60 315.380
46 61 317.705
46 62 321.978
46 63 323.926
46 64 332.440
46 65 336.988
46 66 343.732
46 67 351.016
46 68 356.263
46 69 361.814
46 70 366.768
46 71 375.041
46 72 381.190
46 73 385.668
46 74 392.689
46 75 398.348
46 76 404.665
46 77 408.787
46 78 416.323
46 79 423.848
46 80 426.638
46 81 433.366
46 82 438.781
46 83 445.532
46 84 450.877
46 85 456.484
46 86 461.691
46 87 466.679
46 88 474.149
46 89 477.525
46 90 483.841
46 91 489.675
46 92 494.613
46 93 499.323
46 94 505.292
46 95 510.444
46 96 515.062
46 97 521.184
46 98 525.618
46 99 530.474
46 100 536.140
47 1 8.820
47 2 13.547
47 3 18.021
47 4 24.399
47 5 30.070
47 6 35.958
47 7 40.112
47 8 46.062
47 9 51.776
47 10 58.061
47 11 63.732
47 12 68.712
47 13 73.233
47 14 77.217
47 15 80.343
47 16 86.602
47 17 92.830
47 18 98.578
47 19 104.288
47 20 109.850
47 21 115.715
47 22 121.010
47 23 126.637
47 24 131.946
47 25 136.927
47 26 141.351
47 27 146.175
47 28 151.557
47 29 155.899
47 30 159.887
47 31 162.142
47 32 168.703
47 33 174.878
47 34 181.894
47 35 187.281
47 36 193.443
47 37 198.933
47 38 205.668
47 39 210.918
47 40 217.107
47 41 222.675
47 42 228.480
47 43 235.021
47 44 239.796
47 45 245.022
47 46 251.201
47 47 256.153
47 48 261.492
47 49 266.749
47 50 271.199
47 51 276.747
47 52 280.891
47 53 288.701
47 54 293.098
47 55 297.852
47 56 302.503
47 57 306.360
47 58 310.861
47 59 314.517
47 60 318.861
47 61 321.600
47 62 325.512
47 63 326.325
47 64 334.246
47 65 340.235
47 66 346.778
47 67 352.125
47 68 361.221
47 69 364.818
47 70 371.376
47 71 377.761
47 72 384.372
47 73 389.554
47 74 394.909
47 75 401.616
47 76 407.362
47 77 413.663
47 78 419.419
47 79 423.245
47 80 431.781
47 81 437.065
47 82 442.493
47 83 447.584
47 84 454.375
47 85 459.628
47 86 465.439
47 87 470.527
47 88 476.818
47 89 483.084
47 90 485.867
47 91 494.453
47 92 498.518
47 93 502.703
47 94 508.591
47 95 513.585
47 96 517.191
47 97 521.753
47 98 525.943
47 99 529.750
47 100 536.312
48 1 8.675
48 2 13.454
48 3 17.510
48 4 24.032
48 5 29.852
48 6 35.199
48 7 39.520
48 8 45.598
48 9 51.713
48 10 57.206
48 11 62.448
48 12 68.003
48 13 73.230
48 14 76.953
48 15 80.762
48 16 86.856
48 17 93.209
48 18 99.362
48 19 105.406
48 20 111.180
48 21 117.202
48 22 122.298
48 23 127.578
48 24 132.974
48 25 138.534
48 26 143.687
48 27 147.442
48 28 152.753
48 29 156.410
48 30 160.760
48 31 163.662
48 32 170.196
48 33 176.617
48 34 182.703
48 35 190.287
48 36 195.169
48 37 200.627
48 38 207.837
48 39 213.706
48 40 219.246
48 41 224.934
48 42 230.704
48 43 236.710
48 44 241.429
48 45 246.648
48 46 252.887
48 47 258.703
48 48 263.299
48 49 268.790
48 50 274.823
48 51 278.266
48 52 284.658
48 53 288.191
48 54 293.241
48 55 298.377
48 56 303.168
48 57 307.298
48 58 312.120
48 59 315.910
48 60 320.791
48 61 323.406
48 62 326.310
48 63 328.439
48 64 335.732
48 65 343.648
48 66 346.808
48 67 354.606
48 68 361.268
48 69 368.013
48 70 374.470
48 71 382.029
48 72 386.475
48 73 393.826
48 74 397.786
48 75 404.237
48 76 409.647
48 77 416.711
48 78 420.603
48 79 428.864
48 80 433.703
48 81 439.767
48 82 445.392
48 83 452.314
48 84 456.154
48 85 462.274
48 86 468.389
48 87 474.964
48 88 481.151
48 89 485.799
48 90 491.635
48 91 497.299
48 92 501.387
48 93 504.986
48 94 511.867
48 95 517.699
48 96 522.633
48 97 527.633
48 98 533.615
48 99 538.489
48 100 545.752
49 1 8.634
49 2 13.470
49 3 17.941
49 4 24.434
49 5 30.453
49 6 35.800
49 7 40.134
49 8 46.286
49 9 52.201
49 10 57.707
49 11 63.676
49 12 69.179
49 13 73.570
49 14 78.149
49 15 81.568
49 16 88.155
49 17 94.392
49 18 100.400
49 19 106.543
49 20 111.527
49 21 117.785
49 22 123.649
49 23 128.879
49 24 134.467
49 25 138.984
49 26 144.500
49 27 148.584
49 28 154.359
49 29 157.762
49 30 161.900
49 31 164.464
49 32 171.320
49 33 177.654
49 34 184.049
49 35 190.408
49 36 195.271
49 37 201.562
49 38 207.685
49 39 214.349
49 40 218.925
49 41 225.559
49 42 230.809
49 43 237.315
49 44 243.631
49 45 248.172
49 46 254.079
49 47 258.922
49 48 264.747
49 49 269.680
49 50 275.437
49 51 281.631
49 52 284.205
49 53 288.854
49 54 295.703
49 55 299.604
49 56 304.625
49 57 308.917
49 58 313.206
49 59 316.602
49 60 322.384
49 61 324.647
49 62 328.104
49 63 329.441
49 64 337.935
49 65 342.280
49 66 349.844
49 67 356.253
49 68 362.570
49 69 369.291
49 70 376.084
49 71 382.549
49 72 387.747
49 73 395.489
49 74 399.785
49 75 405.301
49 76 412.354
49 77 417.524
49 78 423.368
49 79 429.989
49 80 433.842
49 81 441.939
49 82 448.790
49 83 452.164
49 84 461.187
49 85 465.918
49 86 471.903
49 87 476.803
49 88 482.599
49 89 489.433
49 90 492.762
49 91 500.442
49 92 505.822
49 93 510.995
49 94 517.840
49 95 521.698
49 96 527.720
49 97 531.352
49 98 537.976
49 99 541.471
49 100 547.041
50 1 9.091
50 2 14.096
50 3 18.282
50 4 24.920
50 5 31.336
50 6 36.392
50 7 40.005
50 8 46.656
50 9 53.224
50 10 59.693
50 11 65.750
50 12 71.536
50 13 76.256
50 14 80.643
50 15 84.126
50 16 90.277
50 17 95.587
50 18 101.138
50 19 107.056
50 20 111.916
50 21 118.295
50 22 124.135
50 23 129.762
50 24 136.429
50 25 139.077
50 26 144.718
50 27 149.033
50 28 152.195
50 29 155.927
50 30 159.148
50 31 162.129
50 32 167.606
50 33 174.105
50 34 180.952
50 35 186.990
50 36 191.792
50 37 197.946
50 38 204.911
50 39 211.062
50 40 217.950
50 41 224.847
50 42 227.623
50 43 232.200
50 44 239.486
50 45 246.465
50 46 255.597
50 47 261.751
50 48 265.832
50 49 279.098
50 50 292.129
50 51 311.140
50 52 313.908
50 53 365.711
50 54 364.345
50 55 375.613
50 56 419.092
50 57 441.697
50 58 447.300
50 59 453.900
50 60 462.437
50 61 473.513
50 62 482.058
50 63 491.068
50 64 506.888
50 65 524.480
50 66 537.941
50 67 553.152
50 68 570.204
50 69 586.254
50 70 601.199
50 71 619.438
50 72 630.971
50 73 646.037
50 74 662.971
50 75 680.699
50 76 700.678
50 77 717.807
50 78 732.338
50 79 751.956
50 80 773.596
50 81 790.342
50 82 807.570
50 83 827.448
50 84 850.795
50 85 865.175
50 86 882.819
50 87 900.444
50 88 919.451
50 89 939.898
50 90 963.097
50 91 983.397
50 92 1006.626
50 93 1027.503
50 94 1045.744
50 95 1070.725
50 96 1086.463
50 97 1109.382
50 98 1130.517
50 99 1148.633
50 100 1169.768
51 1 8.817
51 2 13.670
51 3 17.809
51 4 24.536
51 5 30.730
51 6 35.856
51 7 40.235
51 8 46.844
51 9 52.337
51 10 58.687
51 11 64.259
51 12 69.247
51 13 74.456
51 14 79.649
51 15 82.818
51 16 89.058
51 17 95.723
51 18 101.899
51 19 108.186
51 20 113.803
51 21 119.199
51 22 125.157
51 23 130.928
51 24 136.348
51 25 141.278
51 26 146.465
51 27 151.208
51 28 155.385
51 29 159.681
51 30 163.444
51 31 166.525
51 32 173.167
51 33 179.756
51 34 186.888
51 35 192.587
51 36 199.622
51 37 204.516
51 38 210.498
51 39 217.562
51 40 222.806
51 41 229.097
51 42 235.236
51 43 240.388
51 44 245.260
51 45 251.183
51 46 257.510
51 47 262.787
51 48 268.362
51 49 273.310
51 50 277.445
51 51 283.980
51 52 288.507
51 53 293.993
51 54 298.731
51 55 303.853
51 56 308.568
51 57 312.845
51 58 317.976
51 59 320.750
51 60 325.960
51 61 328.421
51 62 330.172
51 63 334.690
51 64 339.307
51 65 347.578
51 66 354.093
51 67 358.298
51 68 367.050
51 69 373.761
51 70 379.322
51 71 385.768
51 72 391.581
51 73 398.714
51 74 404.368
51 75 410.961
51 76 417.843
51 77 424.696
51 78 427.531
51 79 435.145
51 80 441.390
51 81 446.731
51 82 453.688
51 83 459.928
51 84 464.409
51 85 469.533
51 86 474.630
51 87 482.716
51 88 487.231
51 89 492.253
51 90 498.446
51 91 503.582
51 92 509.605
51 93 516.791
51 94 521.074
51 95 527.261
51 96 533.293
51 97 536.592
51 98 542.858
51 99 546.984
51 100 554.511
52 1 8.776
52 2 13.638
52 3 17.676
52 4 24.708
52 5 30.861
52 6 36.236
52 7 40.568
52 8 46.857
52 9 53.087
52 10 59.274
52 11 64.987
52 12 69.949
52 13 75.473
52 14 79.944
52 15 83.097
52 16 90.015
52 17 95.950
52 18 102.259
52 19 108.539
52 20 114.665
52 21 120.387
52 22 126.150
52 23 132.001
52 24 137.221
52 25 141.931
52 26 147.744
52 27 152.842
52 28 157.069
52 29 161.247
52 30 165.403
52 31 168.649
52 32 174.336
52 33 181.812
52 34 187.333
52 35 193.836
52 36 200.768
52 37 206.042
52 38 212.500
52 39 218.452
52 40 224.437
52 41 230.094
52 42 237.256
52 43 243.245
52 44 248.210
52 45 253.149
52 46 258.696
52 47 264.116
52 48 269.370
52 49 274.602
52 50 281.448
52 51 286.163
52 52 291.629
52 53 296.296
52 54 301.720
52 55 305.870
52 56 310.386
52 57 315.569
52 58 319.532
52 59 321.702
52 60 327.190
52 61 332.123
52 62 334.370
52 63 336.810
52 64 344.832
52 65 350.280
52 66 357.638
52 67 364.686
52 68 370.850
52 69 376.246
52 70 384.944
52 71 390.155
52 72 395.445
52 73 401.668
52 74 407.002
52 75 413.688
52 76 421.892
52 77 426.965
52 78 433.703
52 79 437.803
52 80 443.304
52 81 451.486
52 82 457.242
52 83 463.132
52 84 467.569
52 85 475.338
52 86 479.301
52 87 484.434
52 88 491.203
52 89 497.037
52 90 503.566
52 91 508.080
52 92 515.508
52 93 519.099
52 94 525.004
52 95 532.065
52 96 538.906
52 97 541.167
52 98 547.251
52 99 552.577
52 100 558.689
53 1 8.934
53 2 14.212
53 3 18.045
53 4 24.600
53 5 30.791
53 6 35.614
53 7 40.459
53 8 46.848
53 9 52.797
53 10 58.833
53 11 64.477
53 12 69.962
53 13 75.513
53 14 80.222
53 15 83.933
53 16 89.788
53 17 95.988
53 18 102.227
53 19 108.956
53 20 115.236
53 21 120.474
53 22 126.240
53 23 131.614
53 24 137.869
53 25 142.967
53 26 147.905
53 27 152.653
53 28 157.349
53 29 161.617
53 30 165.180
53 31 168.178
53 32 173.919
53 33 181.135
53 34 187.196
53 35 194.434
53 36 199.363
53 37 205.863
53 38 211.694
53 39 218.069
53 40 223.924
53 41 229.496
53 42 235.709
53 43 241.944
53 44 247.314
53 45 252.810
53 46 258.974
53 47 264.802
53 48 269.976
53 49 275.173
53 50 280.823
53 51 284.802
53 52 290.895
53 53 295.389
53 54 301.363
53 55 305.608
53 56 310.057
53 57 315.136
53 58 319.689
53 59 324.569
53 60 326.385
53 61 330.552
53 62 333.222
53 63 336.097
53 64 342.614
53 65 349.964
53 66 356.789
53 67 362.713
53 68 370.772
53 69 375.161
53 70 382.014
53 71 389.055
53 72 396.597
53 73 399.696
53 74 407.621
53 75 412.552
53 76 419.560
53 77 425.668
53 78 431.952
53 79 436.033
53 80 444.492
53 81 449.067
53 82 456.169
53 83 460.424
53 84 467.089
53 85 473.468
53 86 479.589
53 87 485.115
53 88 488.665
53 89 495.444
53 90 501.865
53 91 507.730
53 92 513.980
53 93 520.407
53 94 524.244
53 95 529.384
53 96 535.347
53 97 541.719
53 98 547.877
53 99 551.477
53 100 557.019
54 1 8.913
54 2 13.752
54 3 17.873
54 4 24.638
54 5 31.228
54 6 36.505
54 7 41.093
54 8 47.465
54 9 53.507
54 10 59.737
54 11 65.243
54 12 70.794
54 13 75.808
54 14 80.583
54 15 83.983
54 16 90.016
54 17 97.230
54 18 103.512
54 19 109.770
54 20 115.540
54 21 122.402
54 22 127.483
54 23 133.008
54 24 138.889
54 25 143.885
54 26 149.376
54 27 154.466
54 28 158.669
54 29 163.109
54 30 166.667
54 31 170.691
54 32 176.910
54 33 184.308
54 34 190.100
54 35 196.826
54 36 203.012
54 37 209.675
54 38 216.785
54 39 221.783
54 40 228.700
54 41 234.454
54 42 240.037
54 43 246.153
54 44 252.099
54 45 256.146
54 46 263.348
54 47 268.719
54 48 274.486
54 49 280.187
54 50 285.044
54 51 291.097
54 52 295.307
54 53 300.808
54 54 305.358
54 55 309.637
54 56 314.805
54 57 318.679
54 58 324.771
54 59 327.695
54 60 332.014
54 61 334.357
54 62 338.658
54 63 340.863
54 64 348.929
54 65 354.749
54 66 361.283
54 67 368.851
54 68 374.658
54 69 382.108
54 70 387.852
54 71 395.219
54 72 400.653
54 73 408.041
54 74 414.322
54 75 421.473
54 76 425.885
54 77 433.864
54 78 439.015
54 79 446.455
54 80 451.698
54 81 458.405
54 82 464.238
54 83 469.964
54 84 475.019
54 85 482.549
54 86 487.764
54 87 492.568
54 88 499.194
54 89 504.872
54 90 510.984
54 91 515.899
54 92 522.922
54 93 528.826
54 94 534.901
54 95 539.468
54 96 545.978
54 97 550.919
54 98 555.603
54 99 561.236
54 100 567.140
55 1 8.916
55 2 14.248
55 3 18.259
55 4 25.125
55 5 31.309
55 6 36.664
55 7 41.501
55 8 47.719
55 9 53.736
55 10 59.892
55 11 65.516
55 12 70.967
55 13 75.818
55 14 80.442
55 15 84.590
55 16 91.372
55 17 97.673
55 18 103.759
55 19 110.076
55 20 116.056
55 21 121.462
55 22 128.156
55 23 133.828
55 24 139.569
55 25 144.574
55 26 149.865
55 27 155.226
55 28 158.959
55 29 162.819
55 30 167.414
55 31 169.974
55 32 177.849
55 33 185.218
55 34 191.295
55 35 197.716
55 36 204.907
55 37 209.389
55 38 215.355
55 39 222.925
55 40 227.654
55 41 234.907
55 42 240.111
55 43 246.394
55 44 251.938
55 45 257.171
55 46 263.460
55 47 268.564
55 48 273.964
55 49 280.304
55 50 284.542
55 51 290.657
55 52 295.310
55 53 299.638
55 54 305.397
55 55 310.112
55 56 314.708
55 57 318.104
55 58 322.558
55 59 328.473
55 60 331.776
55 61 336.195
55 62 338.855
55 63 342.127
55 64 347.717
55 65 353.907
55 66 361.556
55 67 367.102
55 68 375.061
55 69 380.875
55 70 387.244
55 71 395.161
55 72 399.939
55 73 405.753
55 74 411.253
55 75 420.692
55 76 424.700
55 77 433.727
55 78 438.747
55 79 444.682
55 80 449.995
55 81 456.804
55 82 463.864
55 83 469.579
55 84 474.755
55 85 480.989
55 86 488.259
55 87 493.755
55 88 497.201
55 89 502.757
55 90 509.516
55 91 516.979
55 92 522.391
55 93 526.449
55 94 534.306
55 95 537.392
55 96 544.542
55 97 550.588
55 98 555.365
55 99 559.755
55 100 566.687
56 1 9.098
56 2 13.938
56 3 18.149
56 4 25.206
56 5 31.550
56 6 36.539
56 7 41.288
56 8 47.389
56 9 53.962
56 10 60.232
56 11 65.762
56 12 71.393
56 13 76.492
56 14 81.137
56 15 85.017
56 16 91.923
56 17 98.103
56 18 104.780
56 19 110.557
56 20 116.448
56 21 122.762
56 22 128.347
56 23 134.020
56 24 139.841
56 25 145.021
56 26 150.746
56 27 154.964
56 28 160.756
56 29 164.663
56 30 168.778
56 31 171.585
56 32 177.524
56 33 185.483
56 34 192.365
56 35 198.491
56 36 204.810
56 37 210.946
56 38 217.101
56 39 223.398
56 40 229.662
56 41 235.776
56 42 242.247
56 43 247.901
56 44 253.844
56 45 261.127
56 46 266.205
56 47 271.889
56 48 277.299
56 49 282.416
56 50 288.514
56 51 294.273
56 52 299.154
56 53 305.252
56 54 309.430
56 55 314.692
56 56 318.597
56 57 324.407
56 58 328.633
56 59 331.506
56 60 338.004
56 61 339.830
56 62 345.691
56 63 346.694
56 64 355.652
56 65 360.286
56 66 368.266
56 67 374.955
56 68 381.271
56 69 389.220
56 70 393.531
56 71 401.163
56 72 406.605
56 73 414.211
56 74 420.003
56 75 427.349
56 76 433.809
56 77 439.424
56 78 445.547
56 79 454.846
56 80 458.423
56 81 466.476
56 82 472.058
56 83 480.164
56 84 484.627
56 85 488.821
56 86 497.264
56 87 501.305
56 88 510.042
56 89 514.524
56 90 520.785
56 91 525.917
56 92 532.595
56 93 537.217
56 94 543.513
56 95 550.738
56 96 553.864
56 97 561.049
56 98 568.523
56 99 572.198
56 100 577.268
57 1 9.132
57 2 14.219
57 3 18.488
57 4 25.684
57 5 32.375
57 6 37.964
57 7 42.444
57 8 48.913
57 9 55.197
57 10 61.343
57 11 67.084
57 12 72.742
57 13 77.993
57 14 82.672
57 15 85.956
57 16 92.800
57 17 99.309
57 18 105.592
57 19 111.821
57 20 117.771
57 21 124.783
57 22 129.772
57 23 135.829
57 24 141.108
57 25 146.112
57 26 152.047
57 27 156.997
57 28 161.742
57 29 166.157
57 30 170.016
57 31 173.637
57 32 180.303
57 33 186.702
57 34 194.061
57 35 199.644
57 36 207.121
57 37 215.473
57 38 218.685
57 39 225.020
57 40 231.742
57 41 238.474
57 42 244.199
57 43 250.556
57 44 256.148
57 45 261.814
57 46 268.357
57 47 273.613
57 48 280.052
57 49 284.524
57 50 288.903
57 51 295.795
57 52 300.430
57 53 307.080
57 54 312.222
57 55 315.786
57 56 321.498
57 57 326.557
57 58 330.989
57 59 334.628
57 60 339.371
57 61 341.780
57 62 345.732
57 63 348.669
57 64 354.089
57 65 361.964
57 66 368.433
57 67 376.265
57 68 382.868
57 69 389.772
57 70 395.087
57 71 402.940
57 72 408.411
57 73 415.268
57 74 423.304
57 75 428.640
57 76 434.744
57 77 442.022
57 78 445.644
57 79 455.770
57 80 458.980
57 81 466.081
57 82 472.494
57 83 477.493
57 84 485.346
57 85 490.368
57 86 496.006
57 87 503.060
57 88 507.728
57 89 513.604
57 90 520.231
57 91 524.514
57 92 532.389
57 93 539.116
57 94 542.185
57 95 548.919
57 96 554.275
57 97 560.005
57 98 564.028
57 99 570.597
57 100 576.186
58 1 9.064
58 2 14.118
58 3 18.293
58 4 25.451
58 5 31.997
58 6 37.403
58 7 42.067
58 8 48.285
58 9 55.061
58 10 61.230
58 11 67.099
58 12 72.511
58 13 77.511
58 14 82.337
58 15 86.750
58 16 93.223
58 17 100.236
58 18 106.131
58 19 112.161
58 20 119.285
58 21 124.635
58 22 131.300
58 23 136.742
58 24 142.193
58 25 148.656
58 26 153.089
58 27 158.586
58 28 162.953
58 29 167.568
58 30 171.537
58 31 174.924
58 32 181.469
58 33 187.363
58 34 195.247
58 35 201.443
58 36 208.368
58 37 214.175
58 38 221.687
58 39 227.472
58 40 233.660
58 41 239.482
58 42 246.143
58 43 252.685
58 44 257.234
58 45 263.934
58 46 269.990
58 47 275.394
58 48 281.088
58 49 287.965
58 50 292.868
58 51 297.242
58 52 302.855
58 53 309.324
58 54 313.546
58 55 319.666
58 56 323.896
58 57 328.526
58 58 332.621
58 59 337.069
58 60 341.510
58 61 345.623
58 62 348.132
58 63 351.089
58 64 358.102
58 65 365.534
58 66 371.665
58 67 377.842
58 68 384.240
58 69 391.211
58 70 399.543
58 71 406.207
58 72 411.987
58 73 418.410
58 74 425.462
58 75 431.669
58 76 439.186
58 77 443.375
58 78 451.435
58 79 457.520
58 80 463.638
58 81 471.163
58 82 476.557
58 83 483.147
58 84 488.173
58 85 494.213
58 86 501.545
58 87 507.932
58 88 510.486
58 89 520.061
58 90 525.031
58 91 530.511
58 92 535.048
58 93 541.578
58 94 546.135
58 95 554.741
58 96 558.261
58 97 566.142
61 1 9.064
61 2 14.000
61 3 18.301
61 4 25.190
61 5 31.613
61 6 37.409
61 7 41.780
61 8 48.286
61 9 54.212
61 10 61.165
61 11 66.957
61 12 72.718
61 13 77.848
61 14 82.812
61 15 86.289
61 16 93.794
61 17 100.392
61 18 107.181
61 19 113.103
61 20 118.989
61 21 125.259
61 22 131.697
61 23 137.474
61 24 143.140
61 25 148.801
61 26 153.875
61 27 159.698
61 28 163.431
61 29 167.996
61 30 172.192
61 31 175.302
61 32 181.761
61 33 189.868
61 34 196.157
61 35 203.543
61 36 209.794
61 37 215.733
61 38 222.932
61 39 229.003
61 40 234.859
61 41 242.023
61 42 247.486
61 43 252.967
61 44 260.369
61 45 265.675
61 46 271.365
61 47 276.716
61 48 281.873
61 49 288.738
61 50 294.554
61 51 300.853
61 52 304.509
61 53 310.039
61 54 314.418
61 55 319.658
61 56 324.999
61 57 328.510
61 58 334.118
61 59 338.050
61 60 342.892
61 61 345.429
61 62 349.722
61 63 352.262
61 64 359.839
61 65 366.475
61 66 373.368
61 67 378.822
61 68 386.809
61 69 393.787
61 70 400.511
61 71 407.143
61 72 414.534
61 73 421.109
61 74 426.778
61 75 434.311
61 76 437.958
61 77 446.584
61 78 452.199
61 79 459.474
61 80 466.626
61 81 471.571
61 82 478.189
61 83 484.062
61 84 490.663
61 85 497.664
61 86 503.794
61 87 509.071
61 88 513.578
61 89 519.736
61 90 528.281
61 91 532.821
61 92 539.137
61 93 543.890
61 94 554.291
61 95 556.528
61 96 562.350
61 97 566.753
61 98 575.270
61 99 580.516
61 100 585.978
62 1 9.346
62 2 14.439
62 3 18.847
62 4 26.319
62 5 32.396
62 6 38.135
62 7 42.489
62 8 49.098
62 9 55.734
62 10 62.261
62 11 68.106
62 12 73.777
62 13 78.991
62 14 83.508
62 15 87.727
62 16 94.480
62 17 101.501
62 18 108.142
62 19 114.404
62 20 121.330
62 21 126.668
62 22 133.153
62 23 139.155
62 24 144.746
62 25 150.380
62 26 156.312
62 27 161.465
62 28 166.131
62 29 170.232
62 30 174.259
62 31 177.344
62 32 185.081
62 33 192.125
62 34 198.165
62 35 205.400
62 36 211.949
62 37 218.400
62 38 224.602
62 39 231.240
62 40 238.432
62 41 244.225
62 42 250.395
62 43 256.477
62 44 262.208
62 45 269.546
62 46 275.022
62 47 280.216
62 48 287.019
62 49 292.316
62 50 296.827
62 51 303.146
62 52 308.628
62 53 313.028
62 54 318.111
62 55 323.513
62 56 328.611
62 57 333.240
62 58 336.696
62 59 341.609
62 60 345.077
62 61 350.054
62 62 353.674
62 63 353.594
62 64 362.414
62 65 370.941
62 66 377.058
62 67 383.005
62 68 391.539
62 69 397.770
62 70 404.279
62 71 411.442
62 72 417.433
62 73 424.719
62 74 429.419
62 75 438.197
62 76 444.634
62 77 450.135
62 78 457.041
62 79 461.863
62 80 470.761
62 81 476.181
62 82 483.737
62 83 489.464
62 84 494.645
62 85 501.674
62 86 507.977
62 87 512.321
62 88 519.207
62 89 526.063
62 90 532.789
62 91 538.572
62 92 541.825
62 93 551.356
62 94 557.400
62 95 563.536
62 96 567.714
62 97 574.405
62 98 576.186
62 99 584.575
62 100 590.913
63 1 9.290
63 2 14.171
63 3 18.783
63 4 25.783
63 5 32.658
63 6 38.474
63 7 43.041
63 8 49.559
63 9 55.992
63 10 62.367
63 11 68.227
63 12 73.717
63 13 79.533
63 14 83.834
63 15 88.322
63 16 94.705
63 17 101.486
63 18 108.649
63 19 114.589
63 20 121.481
63 21 127.246
63 22 133.124
63 23 139.654
63 24 145.178
63 25 150.838
63 26 155.676
63 27 160.350
63 28 165.710
63 29 170.366
63 30 173.528
63 31 177.693
63 32 184.821
63 33 191.237
63 34 198.077
63 35 206.351
63 36 212.857
63 37 218.616
63 38 225.356
63 39 231.464
63 40 238.384
63 41 244.339
63 42 250.091
63 43 257.163
63 44 262.446
63 45 268.396
63 46 274.869
63 47 279.687
63 48 286.668
63 49 291.873
63 50 296.692
63 51 302.607
63 52 308.483
63 53 313.239
63 54 317.985
63 55 325.621
63 56 327.983
63 57 332.846
63 58 337.447
63 59 342.724
63 60 346.139
63 61 350.400
63 62 354.089
63 63 357.324
63 64 364.672
63 65 371.480
63 66 379.013
63 67 385.091
63 68 392.793
63 69 397.431
63 70 405.204
63 71 410.803
63 72 419.424
63 73 427.036
63 74 431.214
63 75 440.136
63 76 444.895
63 77 452.096
63 78 458.925
63 79 463.921
63 80 471.367
63 81 476.932
63 82 482.619
63 83 490.213
63 84 495.950
63 85 503.868
63 86 506.745
63 87 512.981
63 88 521.248
63 89 527.421
63 90 533.338
63 91 539.130
63 92 546.069
63 93 550.974
63 94 557.125
63 95 563.965
63 96 570.198
63 97 574.945
63 98 581.885
63 99 586.990
63 100 590.519
64 1 9.460
64 2 14.366
64 3 18.959
64 4 26.188
64 5 32.586
64 6 38.466
64 7 43.249
64 8 49.662
64 9 56.422
64 10 62.895
64 11 69.131
64 12 74.549
64 13 80.494
64 14 84.611
64 15 88.581
64 16 95.847
64 17 102.418
64 18 109.076
64 19 115.477
64 20 121.827
64 21 128.913
64 22 135.245
64 23 140.226
64 24 145.961
64 25 152.889
64 26 156.667
64 27 162.721
64 28 167.793
64 29 172.479
64 30 176.372
64 31 178.912
64 32 186.716
64 33 193.146
64 34 199.401
64 35 206.402
64 36 212.614
64 37 220.617
64 38 227.682
64 39 232.686
64 40 239.634
64 41 245.968
64 42 252.302
64 43 259.624
64 44 265.465
64 45 270.263
64 46 277.221
64 47 284.235
64 48 288.696
64 49 294.409
64 50 300.964
64 51 305.411
64 52 310.626
64 53 315.376
64 54 322.321
64 55 325.920
64 56 330.078
64 57 336.526
64 58 341.925
64 59 344.978
64 60 350.019
64 61 352.376
64 62 357.856
64 63 359.209
64 64 364.277
64 65 374.332
64 66 379.272
64 67 387.774
64 68 393.502
64 69 400.810
64 70 407.760
64 71 412.829
64 72 422.236
64 73 427.378
64 74 434.343
64 75 442.374
64 76 447.579
64 77 455.264
64 78 461.971
64 79 466.027
64 80 472.803
64 81 481.212
64 82 488.429
64 83 492.977
64 84 500.014
64 85 506.302
64 86 513.248
64 87 517.820
64 88 524.117
64 89 530.623
64 90 535.986
64 91 542.155
64 92 547.063
64 93 555.602
64 94 560.632
64 95 565.677
64 96 573.435
64 97 578.549
64 98 585.348
64 99 589.937
64 100 596.651
65 1 9.530
65 2 14.441
65 3 19.354
65 4 26.451
65 5 33.228
65 6 38.799
65 7 43.534
65 8 50.066
65 9 56.721
65 10 62.892
65 11 69.083
65 12 74.638
65 13 79.845
65 14 84.179
65 15 87.828
65 16 95.304
65 17 101.768
65 18 108.676
65 19 115.271
65 20 120.830
65 21 127.218
65 22 133.219
65 23 139.102
65 24 145.002
65 25 150.708
65 26 155.152
65 27 160.721
65 28 166.294
65 29 170.273
65 30 174.810
65 31 177.599
65 32 185.743
65 33 191.675
65 34 198.406
65 35 205.998
65 36 213.264
65 37 219.626
65 38 225.855
65 39 232.207
65 40 239.305
65 41 246.048
65 42 252.026
65 43 257.740
65 44 264.158
65 45 271.051
65 46 276.479
65 47 282.652
65 48 287.720
65 49 293.412
65 50 300.120
65 51 306.399
65 52 310.801
65 53 316.331
65 54 320.895
65 55 324.752
65 56 332.810
65 57 336.232
65 58 340.888
65 59 346.681
65 60 348.812
65 61 354.900
65 62 357.574
65 63 360.319
65 64 366.916
65 65 374.357
65 66 381.535
65 67 389.287
65 68 395.682
65 69 403.232
65 70 408.865
65 71 418.385
65 72 424.066
65 73 428.939
65 74 436.623
65 75 440.200
65 76 451.158
65 77 457.231
65 78 462.739
65 79 469.260
65 80 475.753
65 81 481.085
65 82 490.102
65 83 494.496
65 84 500.039
65 85 507.639
65 86 514.406
65 87 521.654
65 88 526.573
65 89 533.358
65 90 540.187
65 91 546.145
65 92 549.774
65 93 555.850
65 94 563.855
65 95 571.006
65 96 572.461
65 97 579.522
65 98 586.768
65 99 592.986
65 100 597.225
66 1 9.475
66 2 14.558
66 3 19.178
66 4 26.717
66 5 33.421
66 6 39.082
66 7 43.965
66 8 50.415
66 9 57.110
66 10 63.613
66 11 70.035
66 12 75.653
66 13 81.250
66 14 85.574
66 15 89.815
66 16 97.173
66 17 103.641
66 18 110.506
66 19 116.727
66 20 123.341
66 21 129.773
66 22 135.917
66 23 142.061
66 24 148.444
66 25 153.565
66 26 159.701
66 27 164.942
66 28 169.244
66 29 172.945
66 30 178.269
66 31 181.369
66 32 188.833
66 33 195.809
66 34 202.810
66 35 208.974
66 36 216.543
66 37 222.982
66 38 228.732
66 39 235.102
66 40 243.025
66 41 248.997
66 42 255.952
66 43 262.452
66 44 269.024
66 45 274.184
66 46 281.573
66 47 286.355
66 48 291.545
66 49 297.009
66 50 302.557
66 51 307.942
66 52 314.632
66 53 320.149
66 54 325.630
66 55 329.761
66 56 335.066
66 57 340.263
66 58 345.931
66 59 349.380
66 60 354.237
66 61 357.379
66 62 359.734
66 63 363.989
66 64 370.785
66 65 377.873
66 66 384.265
66 67 392.924
66 68 398.811
66 69 408.102
66 70 413.065
66 71 421.895
66 72 426.305
66 73 433.356
66 74 441.098
66 75 449.204
66 76 452.620
66 77 462.154
66 78 467.339
66 79 475.110
66 80 482.028
66 81 486.468
66 82 492.848
66 83 499.724
66 84 507.776
66 85 515.531
66 86 519.006
66 87 524.450
66 88 531.674
66 89 538.036
66 90 544.996
66 91 549.927
66 92 557.140
66 93 563.759
66 94 568.970
66 95 575.416
66 96 580.800
66 97 586.668
66 98 591.705
66 99 597.068
66 100 604.301
67 1 9.808
67 2 14.151
67 3 18.518
67 4 26.119
67 5 32.905
67 6 38.609
67 7 43.303
67 8 49.645
67 9 56.561
67 10 63.017
67 11 69.465
67 12 75.251
67 13 81.114
67 14 86.357
67 15 89.453
67 16 96.938
67 17 103.727
67 18 109.451
67 19 115.042
67 20 120.923
67 21 126.921
67 22 132.356
67 23 137.798
67 24 142.163
67 25 149.081
67 26 152.129
67 27 159.102
67 28 166.520
67 29 170.440
67 30 176.920
67 31 177.192
67 32 183.803
67 33 190.532
67 34 205.870
67 35 218.768
67 36 257.648
67 37 263.572
67 38 322.142
67 39 338.911
67 40 344.308
67 41 362.386
67 42 373.668
67 43 392.375
67 44 406.493
67 45 417.454
67 46 431.644
67 47 450.748
67 48 462.806
67 49 483.018
67 50 489.453
67 51 508.922
67 52 520.877
67 53 535.590
67 54 550.706
67 55 569.726
67 56 584.555
67 57 599.583
67 58 612.978
67 59 621.536
67 60 639.539
67 61 654.536
67 62 671.049
67 63 683.372
67 64 708.853
67 65 730.959
67 66 755.120
67 67 778.981
67 68 806.187
67 69 834.047
67 70 851.333
67 71 884.381
67 72 918.090
67 73 945.520
67 74 967.351
67 75 1001.127
67 76 1039.729
67 77 1063.380
67 78 1091.542
67 79 1115.001
67 80 1135.045
67 81 1157.573
67 82 1210.845
67 83 1223.526
67 84 1254.946
67 85 1275.396
67 86 1307.449
67 87 1339.032
67 88 1387.147
67 89 1411.268
67 90 1457.227
67 91 1473.640
67 92 1500.552
67 93 1520.199
67 94 1575.866
67 95 1597.719
67 96 1610.322
67 97 1639.054
67 98 1693.248
67 99 1768.314
67 100 1786.494
68 1 9.591
68 2 14.676
68 3 19.144
68 4 26.710
68 5 33.471
68 6 39.192
68 7 44.131
68 8 50.512
68 9 57.505
68 10 63.880
68 11 70.171
71 1 9.555
71 2 14.793
71 3 19.435
71 4 26.871
71 5 33.898
71 6 40.425
71 7 44.486
71 8 51.738
71 9 58.468
71 10 65.493
71 11 72.088
71 12 78.190
71 13 84.158
71 14 89.204
71 15 92.875
71 16 100.314
71 17 107.540
71 18 114.957
71 19 122.078
71 20 128.093
71 21 135.136
71 22 141.648
71 23 148.452
71 24 153.450
71 25 159.638
71 26 165.565
71 27 170.379
71 28 176.607
71 29 179.957
71 30 185.815
71 31 187.437
71 32 194.660
71 33 202.280
71 34 210.223
71 35 216.107
71 36 224.018
71 37 230.202
71 38 236.760
71 39 244.904
71 40 250.418
71 41 255.842
71 42 263.167
71 43 269.822
71 44 275.651
71 45 283.894
71 46 289.040
71 47 294.368
71 48 300.605
71 49 306.447
71 50 312.478
71 51 318.277
71 52 324.175
71 53 328.598
71 54 336.108
71 55 340.294
71 56 345.267
71 57 351.489
71 58 355.552
71 59 357.953
71 60 363.664
71 61 365.746
71 62 368.594
71 63 373.084
71 64 380.814
71 65 387.967
71 66 394.349
71 67 403.367
71 68 410.028
71 69 416.606
71 70 424.836
71 71 430.541
71 72 438.700
71 73 444.639
71 74 451.394
71 75 457.847
71 76 465.584
71 77 472.516
71 78 477.064
71 79 485.850
71 80 491.939
71 81 498.220
71 82 504.617
71 83 512.673
71 84 520.371
71 85 523.801
71 86 530.638
71 87 533.643
71 88 541.044
71 89 547.977
71 90 552.621
71 91 557.606
71 92 564.605
71 93 568.543
71 94 576.637
71 95 579.353
71 96 583.876
71 97 588.734
71 98 593.465
71 99 599.470
71 100 604.769
72 1 9.725
72 2 15.034
72 3 19.731
72 4 27.026
72 5 33.706
72 6 40.024
72 7 44.778
72 8 51.770
72 9 58.362
72 10 65.513
72 11 71.593
72 12 77.465
72 13 83.291
72 14 88.138
72 15 91.909
72 16 99.461
72 17 105.909
72 18 112.861
72 19 120.786
72 20 126.686
72 21 133.538
72 22 139.612
72 23 146.366
72 24 151.426
72 25 157.849
72 26 163.160
72 27 168.797
72 28 173.662
72 29 178.451
72 30 182.537
72 31 185.473
72 32 193.388
72 33 199.744
72 34 207.845
72 35 214.514
72 36 221.370
72 37 228.186
72 38 235.995
72 39 241.085
72 40 248.329
72 41 257.128
72 42 262.739
72 43 269.166
72 44 275.369
72 45 281.261
72 46 287.648
72 47 294.426
72 48 299.766
72 49 306.704
72 50 312.719
72 51 316.577
72 52 322.903
72 53 327.229
72 54 333.951
72 55 339.453
72 56 344.301
72 57 349.366
72 58 353.480
72 59 358.935
72 60 362.839
72 61 367.470
72 62 371.038
72 63 373.515
72 64 380.498
72 65 387.630
72 66 394.974
72 67 402.332
72 68 409.000
72 69 415.860
72 70 424.366
72 71 432.023
72 72 437.998
72 73 444.657
72 74 450.933
72 75 459.833
72 76 464.694
72 77 472.031
72 78 480.398
72 79 486.511
72 80 493.113
72 81 499.013
72 82 505.187
72 83 513.988
72 84 519.383
72 85 524.085
72 86 532.952
72 87 537.737
72 88 544.616
72 89 553.627
72 90 556.968
72 91 562.659
72 92 571.545
72 93 578.252
72 94 583.748
72 95 588.268
72 96 596.281
72 97 601.190
72 98 607.029
72 99 612.495
72 100 619.195
73 1 9.700
73 2 14.944
73 3 19.475
73 4 27.332
73 5 34.038
73 6 40.072
73 7 44.464
73 8 51.702
73 9 58.811
73 10 64.995
73 11 71.415
73 12 77.340
73 13 83.021
73 14 87.806
73 15 91.888
73 16 98.430
73 17 105.964
73 18 112.856
73 19 119.390
73 20 125.994
73 21 132.654
73 22 138.717
73 23 144.668
73 24 150.660
73 25 156.449
73 26 162.524
73 27 167.601
73 28 172.484
73 29 176.988
73 30 181.275
73 31 183.900
73 32 191.021
73 33 199.517
73 34 207.526
73 35 213.676
73 36 220.191
73 37 227.573
73 38 234.334
73 39 240.421
73 40 248.340
73 41 255.335
73 42 261.133
73 43 267.285
73 44 275.546
73 45 280.930
73 46 286.298
73 47 293.837
73 48 299.693
73 49 304.791
73 50 311.320
73 51 317.085
73 52 322.623
73 53 326.186
73 54 333.754
73 55 337.377
73 56 343.750
73 57 347.486
73 58 352.563
73 59 358.474
73 60 362.424
73 61 366.447
73 62 371.018
73 63 372.443
73 64 380.856
73 65 389.863
73 66 395.189
73 67 403.008
73 68 409.615
73 69 416.432
73 70 422.662
73 71 431.723
73 72 436.706
73 73 445.213
73 74 452.661
73 75 459.404
73 76 465.212
73 77 471.529
73 78 479.928
73 79 485.434
73 80 492.222
73 81 499.358
73 82 505.936
73 83 513.636
73 84 518.553
73 85 524.758
73 86 532.945
73 87 537.003
73 88 544.781
73 89 550.223
73 90 560.162
73 91 563.853
73 92 570.835
73 93 576.305
73 94 582.626
73 95 588.316
73 96 593.975
73 97 600.809
73 98 607.356
73 99 614.740
73 100 617.937
74 1 9.869
74 2 15.127
74 3 19.892
74 4 27.716
74 5 34.300
74 6 40.246
74 7 45.026
74 8 52.090
74 9 59.080
74 10 65.831
74 11 71.942
74 12 77.882
74 13 83.822
74 14 88.464
74 15 91.813
74 16 99.734
74 17 107.120
74 18 113.147
74 19 120.606
74 20 127.122
74 21 133.975
74 22 140.427
74 23 146.353
74 24 152.625
74 25 158.255
74 26 163.605
74 27 169.379
74 28 173.503
74 29 178.170
74 30 182.427
74 31 185.953
74 32 192.843
74 33 200.550
74 34 208.001
74 35 214.219
74 36 221.646
74 37 229.031
74 38 234.838
74 39 242.156
74 40 249.061
74 41 255.574
74 42 262.451
74 43 269.368
74 44 275.286
74 45 281.359
74 46 287.792
74 47 293.856
74 48 300.391
74 49 306.948
74 50 312.275
74 51 317.834
74 52 322.777
74 53 329.995
74 54 333.901
74 55 340.236
74 56 345.813
74 57 351.282
74 58 355.373
74 59 358.873
74 60 363.037
74 61 368.599
74 62 370.727
74 63 372.950
74 64 380.266
74 65 387.147
74 66 396.059
74 67 402.599
74 68 411.128
74 69 417.389
74 70 425.635
74 71 431.761
74 72 436.857
74 73 445.393
74 74 453.672
74 75 460.736
74 76 466.900
74 77 473.139
74 78 479.605
74 79 488.064
74 80 494.839
74 81 502.134
74 82 508.473
74 83 515.919
74 84 520.764
74 85 529.244
74 86 533.774
74 87 540.959
74 88 546.710
74 89 554.994
74 90 558.758
74 91 562.128
74 92 573.532
74 93 578.489
74 94 585.615
74 95 591.049
74 96 596.760
74 97 602.545
74 98 606.098
74 99 615.344
74 100 623.038
75 1 9.940
75 2 15.030
75 3 19.595
75 4 27.567
75 5 34.086
75 6 40.282
75 7 45.279
75 8 52.342
75 9 59.231
75 10 66.448
75 11 72.806
75 12 78.291
75 13 83.730
75 14 89.054
75 15 92.819
75 16 100.910
75 17 107.931
75 18 114.872
75 19 121.572
75 20 128.772
75 21 135.552
75 22 141.992
75 23 147.998
75 24 154.216
75 25 160.243
75 26 165.767
75 27 170.346
75 28 175.776
75 29 180.577
75 30 185.221
75 31 188.309
75 32 196.546
75 33 203.050
75 34 211.019
75 35 217.080
75 36 225.094
75 37 232.480
75 38 239.423
75 39 245.733
75 40 253.095
75 41 260.286
75 42 266.099
75 43 274.337
75 44 278.706
75 45 286.303
75 46 293.090
75 47 299.109
75 48 305.623
75 49 310.157
75 50 316.965
75 51 322.150
75 52 327.996
75 53 334.514
75 54 338.658
75 55 345.190
75 56 350.354
75 57 354.282
75 58 360.467
75 59 364.890
75 60 368.288
75 61 373.014
75 62 376.466
75 63 379.293
75 64 387.539
75 65 396.260
75 66 401.834
75 67 409.676
75 68 415.690
75 69 424.655
75 70 430.955
75 71 438.564
75 72 444.588
75 73 452.643
75 74 458.923
75 75 466.784
75 76 475.324
75 77 480.921
75 78 487.073
75 79 493.606
75 80 501.899
75 81 506.921
75 82 515.956
75 83 522.589
75 84 526.174
75 85 533.646
75 86 539.575
75 87 547.544
75 88 554.592
75 89 560.413
75 90 566.765
75 91 571.611
75 92 578.048
75 93 587.246
75 94 592.503
75 95 599.080
75 96 605.853
75 97 611.259
75 98 616.886
75 99 621.037
75 100 628.471
76 1 9.758
76 2 14.845
76 3 19.512
76 4 27.377
76 5 34.097
76 6 40.525
76 7 44.907
76 8 51.713
76 9 58.864
76 10 65.365
76 11 72.106
76 12 78.038
76 13 83.425
76 14 88.227
76 15 92.416
76 16 99.968
76 17 107.383
76 18 114.244
76 19 121.245
76 20 128.349
76 21 134.363
76 22 141.162
76 23 147.107
76 24 153.092
76 25 158.702
76 26 164.564
76 27 170.015
76 28 175.150
76 29 179.854
76 30 183.563
76 31 186.643
76 32 194.625
76 33 202.160
76 34 209.483
76 35 217.057
76 36 224.096
76 37 231.426
76 38 238.219
76 39 245.494
76 40 251.587
76 41 258.029
76 42 266.541
76 43 271.858
76 44 278.587
76 45 284.807
76 46 291.934
76 47 298.738
76 48 304.092
76 49 309.561
76 50 315.263
76 51 321.634
76 52 327.037
76 53 332.025
76 54 337.650
76 55 344.147
76 56 348.551
76 57 353.505
76 58 356.961
76 59 363.013
76 60 366.187
76 61 371.387
76 62 372.769
76 63 378.200
76 64 385.041
76 65 391.979
76 66 399.644
76 67 407.186
76 68 415.017
76 69 422.955
76 70 428.682
76 71 436.168
76 72 443.382
76 73 449.569
76 74 457.669
76 75 464.888
76 76 471.299
76 77 477.956
76 78 484.472
76 79 492.411
76 80 498.254
76 81 504.905
76 82 510.901
76 83 519.744
76 84 525.984
76 85 530.949
76 86 539.222
76 87 545.996
76 88 552.171
76 89 559.624
76 90 566.223
76 91 570.879
76 92 576.173
