winequality
6451203
4321056
3146250
0541362
2140635
3450126
5062341
2450163
0453261
1432065
1364025
1463520
5204316
6021543
2036451
0156243
4061325
5201463
2365410
0143562
6015243
0513426
4326150
2163045
6214035
0162543
6240513
0524316
6341205
5312406
3526041
3140526
1034256
1350624
0463251
4623051
6425301
4256031
6420153
0146532
1530246
1534026
5462130
3251640
3625401
0354126
1405326
2034156
4063125
0124635
zipcodes
6037145892
1423705986
9780251346
2137980645
6437528109
7059248631
4912876503
5182746390
7143295860
8369142057
7456039812
8425610973
5230986174
6874325019
1423970586
6980371542
7362498051
6718420395
2391845067
2839640751
0817495632
6827415903
3165407298
5604291837
7195368402
0239581674
8573912406
2948705316
0457319826
3452761890
1685402973
5348791062
0869523471
8974613520
1367948205
9016724583
5286097143
1936427085
4279658031
8376245109
4172605398
2795018346
6857042319
7382041695
3028657194
2148096537
2314057968
3947126508
1427308596
0162974538
yeast
9301542867
0162784359
5326098147
3894026157
7034659128
7496825301
6438125790
1608935742
5698074213
8746913520
4862593017
4613952087
2487905316
7465308129
7408296135
4762853109
8967240513
9536807421
8103259764
6289471503
4623587901
9680532471
5210384679
5643870912
0357892614
0457319826
0935647182
3619427085
1069258437
8915230764
5867904213
4681329750
0845312697
0671394852
5124096837
1352678094
9284531607
7832961045
2479518306
2391604578
3768194205
8759143026
9204816537
3679184205
8754109623
6582370491
3548106792
0283957164
8692451037
0986523471
segment
5260341
1562304
4521360
3264150
2350416
6352104
6301245
5412360
6340125
3601452
6501234
1345206
0613254
0542613
2641035
5431602
4635210
3126405
3260415
5261340
5064321
0451362
1256034
2064315
1064532
6310452
1503264
3642510
4513260
3615024
3246501
1452036
1462503
1543062
4561302
2513640
0346215
2403651
1630254
0264531
0615243
5014623
4015632
1560243
4325061
0361524
2430651
2063154
6210543
3251064
pendigits
4879206513
1927486305
6193785042
7803126459
9136427085
5416087392
7362459108
5218037469
5124683709
4850967132
8604513927
7562093481
6297401583
5821709346
0543981267
5461308729
2046739815
3057986214
7382904165
0176924853
1352604798
3671842095
2046317589
9124063758
3409726815
0912345678
3810796524
4761325980
5218309764
8614203957
4765923180
6715490832
4812670593
4625371908
0148957263
9834026175
9425607138
4826513907
2304719856
0197584632
7513642089
2740935186
8340296175
8935162704
3614729805
5416087392
8071459632
1597364082
7986135042
3891076524
optdigits
9684352017
2897405316
5837124906
3957614082
7103825649
5326098147
1059427683
5604281793
1257839064
3859407162
6827491503
0312678495
0935768412
6928134507
1305896274
4603279158
2367415098
7419623850
3076895412
7803952614
5691238407
6241508379
0678259341
5043289716
3204916758
0983126574
8214673950
3517240689
4672958301
7532041698
6435792081
9674381025
6213405798
2074816935
7823196045
0197325864
5876431029
5461389702
0127834569
1250783946
5920183476
5382679014
4182690753
7812503496
8052497163
5874160392
6523089417
3086745912
6135978042
1356407928
ocr
8250317694
2147065938
8573690421
1253780694
5817924063
9240875316
9461387520
3619748205
0346895712
7469523810
8045391276
7560421938
0215384697
7408623195
1576208439
5230896174
5723160948
2610943785
0852419763
8073469512
7419260853
8901546327
2370894156
3752680149
6174820395
2691043785
7354108629
8165470239
1869073542
0527416938
8204169357
5487916032
5368097421
8341972650
0176249853
7195048632
7283049156
8571249630
0162745938
2364958170
9083126574
7052486931
4570162398
6284791503
9745261803
2943875061
3841276590
8165237490
6158403927
2046371859
glass
023514
542103
310245
142035
143250
014532
351024
214035
215304
035241
412053
043152
531402
345102
014253
352014
024153
453120
502143
524130
453012
215034
045213
051234
042531
401235
503241
012453
453102
015324
213054
235014
104325
435201
234150
125034
142503
302451
035124
204153
453210
514032
124035
250134
231450
201453
023451
123045
421503
130524
ecoli
07216354
57316204
21457603
60751243
26543701
35207146
32476015
26453017
41572360
12630475
42061375
52163704
32145607
12450736
61504237
56217430
20645713
56431207
51360742
16405723
31056472
20457163
17025346
04267513
71205643
64123057
25704631
20631475
25743061
65127340
25614037
20163457
27461035
12730564
36147502
67210453
07651342
72546130
51230674
52764013
42703561
61037425
10235467
27053146
27643150
56147302
27415603
06514723
53204617
73456102
dermatology
543210
543012
421305
231405
031425
350241
013254
140352
243015
045123
210354
243501
345021
521034
124503
354021
043251
035124
250341
342150
042135
102435
052431
102543
034251
324510
342015
401532
104253
421530
241530
125340
320541
425301
345102
031245
053142
315204
314205
513204
502134
403152
540231
402315
512340
405123
351204
415320
312045
532410
shuttle
6530214
3412056
5316240
6451230
4506123
1362504
4536120
4301256
2615340
0321645
4235601
0236154
6412053
2503164
5164320
5136402
5316420
5431062
6053241
1340625
2653104
1420536
1642530
0315462
6513240
2463150
1462035
1253460
3142560
4605321
2506134
0532416
6321504
4032615
1452603
2163450
1526340
0156234
6302541
4620153
2341506
6304125
1643520
5403612
2364150
5461023
1564032
4635012
2310546
4135620
flags
15073642
17260453
16352704
35106274
63512740
35742160
54630271
06571234
64325170
53761204
63072145
23176504
50642173
21037465
54260173
24350617
23105746
54061327
57402613
62354017
23546071
12064573
25670314
40371625
07614532
64107325
03674125
47123506
27634105
14023576
64730152
13057642
43712056
06241735
16205374
36052714
30725164
72451306
75036421
57231640
16074532
70264315
12463507
05672134
61427503
26014573
51702634
13402567
15023647
24103765
zoo
2051643
6325014
3204651
2156340
5614203
4203651
4615302
2603514
1246035
1632045
1340562
0321465
5103246
5461203
6154032
5130426
3402165
3612054
6350412
6420531
6302514
1264035
2364150
5321046
1265034
4502136
0561432
3256014
3064215
1650243
3641205
2340516
2534016
5130624
5362041
2405163
0431562
4152063
4562031
4123065
1645203
4213056
3652401
3054216
0415326
3514602
1630452
6451032
1032465
4602531
